Date,Open,High,Low,Close,Volume,Adj Close
2013-12-31,82.98,83.33,82.54,82.94,3009500,82.36
2013-12-30,82.71,83.09,82.68,82.91,2006900,82.33
2013-12-27,82.74,83.11,82.46,82.71,2361300,82.13
2013-12-26,82.14,82.45,82.01,82.45,1799000,81.87
2013-12-24,82.06,82.21,81.80,82.04,1115400,81.46
2013-12-23,82.34,82.38,81.45,81.86,3718700,81.28
2013-12-20,81.55,82.10,81.47,81.81,7496100,81.24
2013-12-19,81.28,81.79,81.02,81.66,4075700,81.09
2013-12-18,80.58,81.61,79.96,81.42,7416900,80.85
2013-12-17,81.05,81.25,80.35,80.46,8210200,79.89
2013-12-16,81.06,81.30,80.60,81.00,4245600,80.43
2013-12-13,81.53,81.84,80.85,80.93,3798300,80.36
2013-12-12,82.56,82.65,80.97,81.28,6327400,80.71
2013-12-11,82.32,83.07,82.32,82.67,6606300,82.09
2013-12-10,82.45,82.81,82.11,82.40,4888900,81.82
2013-12-09,82.92,83.20,82.36,82.69,5371700,82.11
2013-12-06,82.52,83.25,82.24,83.15,4841200,82.57
2013-12-05,82.41,82.59,81.89,81.90,5321600,81.32
2013-12-04,83.02,83.02,82.11,82.65,6819800,82.07
2013-12-03,83.53,83.96,83.33,83.80,5767500,82.65
2013-12-02,84.43,84.52,83.54,83.70,4495900,82.55
2013-11-29,84.62,84.88,84.20,84.46,2698100,83.30
2013-11-27,84.51,84.60,84.07,84.42,3611600,83.26
2013-11-26,85.40,85.75,84.38,84.39,4633800,83.23
2013-11-25,85.81,86.12,85.24,85.37,2536200,84.20
2013-11-22,85.56,85.80,85.11,85.74,3380100,84.56
2013-11-21,85.79,85.92,85.22,85.62,3137000,84.44
2013-11-20,85.48,86.09,84.98,85.13,4471100,83.96
2013-11-19,85.61,85.81,84.93,85.29,4026200,84.12
2013-11-18,86.02,86.18,85.40,85.86,4157500,84.68
2013-11-15,86.33,86.58,85.56,86.03,3324000,84.85
2013-11-14,85.98,86.63,85.88,86.39,2897300,85.20
2013-11-13,85.47,86.01,85.19,85.95,3228400,84.77
2013-11-12,85.41,85.68,85.03,85.64,4561000,84.46
2013-11-11,85.75,86.12,85.26,85.45,4309200,84.27
2013-11-08,85.29,85.88,84.32,85.85,5208100,84.67
2013-11-07,86.57,86.68,85.09,85.30,5870000,84.13
2013-11-06,84.95,86.73,84.67,86.68,6017100,85.49
2013-11-05,84.06,84.91,83.83,84.62,3207600,83.46
2013-11-04,84.62,84.99,84.14,84.37,3572800,83.21
2013-11-01,84.15,84.69,83.84,84.56,4170000,83.40
2013-10-31,84.65,84.90,84.09,84.09,4572200,82.93
2013-10-30,85.47,85.49,84.61,84.72,3556100,83.55
2013-10-29,84.75,85.50,84.50,85.49,4349400,84.31
2013-10-28,83.36,84.71,83.23,84.61,5402000,83.45
2013-10-25,82.55,83.37,82.44,83.35,4065100,82.20
2013-10-24,83.41,83.41,82.54,82.54,5510800,81.40
2013-10-23,83.27,83.44,82.79,83.33,4665200,82.18
2013-10-22,82.45,83.73,82.30,83.44,5125900,82.29
2013-10-21,82.97,82.97,82.19,82.37,3997400,81.24
2013-10-18,82.65,83.01,82.23,83.01,6371200,81.87
2013-10-17,82.05,82.62,81.63,82.58,4469200,81.44
2013-10-16,82.00,82.40,81.38,82.27,7383200,81.14
2013-10-15,81.17,81.53,80.40,80.60,5427700,79.49
2013-10-14,80.45,81.12,80.34,81.09,3642800,79.97
2013-10-11,80.73,81.09,80.45,80.83,4111000,79.72
2013-10-10,79.96,80.69,79.81,80.69,4663300,79.58
2013-10-09,79.11,80.19,78.87,79.50,5298600,78.41
2013-10-08,79.29,79.35,78.86,78.93,5526500,77.84
2013-10-07,79.25,79.59,78.96,79.06,4867100,77.97
2013-10-04,79.58,79.93,79.13,79.62,2841500,78.52
2013-10-03,79.57,79.91,79.29,79.44,3987600,78.35
2013-10-02,79.53,79.58,78.67,79.56,5448300,78.47
2013-10-01,79.38,79.82,79.02,79.82,4135500,78.72
2013-09-30,79.86,79.92,79.25,79.50,5231400,78.41
2013-09-27,80.36,80.68,79.90,80.20,3429200,79.10
2013-09-26,80.28,80.57,79.85,80.54,3941600,79.43
2013-09-25,80.68,81.16,80.08,80.21,5174300,79.11
2013-09-24,80.96,81.23,80.46,80.54,5686200,79.43
2013-09-23,81.56,81.58,80.95,81.02,5384600,79.91
2013-09-20,82.00,82.00,81.48,81.74,5330500,80.62
2013-09-19,82.88,82.94,81.34,81.82,5351700,80.69
2013-09-18,81.69,82.93,81.25,82.88,4916800,81.74
2013-09-17,81.01,81.84,80.97,81.66,4139300,80.54
2013-09-16,80.79,81.22,80.61,81.02,4083900,79.91
2013-09-13,80.10,80.40,79.90,80.32,3416100,79.22
2013-09-12,79.97,80.05,79.56,79.87,3322300,78.77
2013-09-11,79.47,79.90,79.14,79.85,4437900,78.75
2013-09-10,79.76,79.80,79.03,79.43,4682500,78.34
2013-09-09,79.25,79.48,78.79,79.38,3757100,78.29
2013-09-06,79.11,79.68,78.32,79.26,4443600,78.17
2013-09-05,79.53,79.71,78.80,79.07,4025500,77.98
2013-09-04,79.71,79.71,79.00,79.53,5335000,78.44
2013-09-03,80.48,80.79,80.04,80.20,5966600,78.54
2013-08-30,79.42,79.84,79.23,79.73,4362700,78.08
2013-08-29,79.25,79.74,79.05,79.33,5617000,77.68
2013-08-28,78.96,79.68,78.94,79.37,5057400,77.72
2013-08-27,79.19,79.39,78.61,79.06,5179700,77.42
2013-08-26,79.97,80.10,79.67,79.69,4079000,78.04
2013-08-23,79.52,79.98,79.27,79.85,3026900,78.19
2013-08-22,78.99,79.69,78.71,79.25,3821500,77.61
2013-08-21,80.06,80.16,79.01,79.08,5453900,77.44
2013-08-20,80.96,80.96,80.26,80.29,3452900,78.62
2013-08-19,80.11,81.05,79.82,80.88,4945100,79.20
2013-08-16,80.60,80.75,79.94,80.18,6032400,78.52
2013-08-15,82.24,82.28,80.83,80.91,5350200,79.23
2013-08-14,83.34,83.54,82.73,82.75,3080600,81.03
2013-08-13,83.91,84.10,83.26,83.39,2953000,81.66
2013-08-12,83.93,84.03,83.53,83.81,2868600,82.07
2013-08-09,84.68,84.77,84.18,84.34,3753900,82.59
2013-08-08,84.98,85.09,84.44,84.68,2707900,82.92
2013-08-07,84.93,84.99,84.36,84.76,3832600,83.00
2013-08-06,84.44,85.43,84.12,85.05,3837800,83.29
2013-08-05,84.34,84.64,83.77,84.48,3590200,82.73
2013-08-02,84.00,84.34,83.40,84.29,4442800,82.54
2013-08-01,84.04,84.40,83.87,84.20,5790900,82.45
2013-07-31,85.29,85.66,83.43,83.54,8016500,81.81
2013-07-30,85.57,85.99,85.11,85.11,4354700,83.34
2013-07-29,85.26,85.60,84.96,85.25,3406300,83.48
2013-07-26,84.85,85.34,84.36,85.31,4189800,83.54
2013-07-25,85.64,85.80,85.28,85.55,5084900,83.78
2013-07-24,86.70,86.70,85.64,85.64,5939800,83.86
2013-07-23,86.37,86.43,85.97,86.20,6321200,84.41
2013-07-22,86.19,86.94,86.03,86.40,4780500,84.61
2013-07-19,86.34,86.84,85.87,86.41,6146200,84.62
2013-07-18,85.33,87.06,85.30,86.80,9202600,85.00
2013-07-17,84.05,85.51,83.93,85.24,7280100,83.47
2013-07-16,83.93,84.30,83.31,84.02,4480500,82.28
2013-07-15,84.43,84.92,84.33,84.72,4215000,82.96
2013-07-12,84.05,84.52,83.84,84.32,4349300,82.57
2013-07-11,83.65,84.63,83.65,84.55,4746500,82.80
2013-07-10,82.77,83.42,82.67,82.99,5654100,81.27
2013-07-09,82.21,82.87,81.96,82.77,3834500,81.05
2013-07-08,81.32,81.84,81.07,81.78,3749900,80.08
2013-07-05,81.10,81.28,80.29,80.80,3343200,79.12
2013-07-03,81.44,81.44,80.32,80.73,3862500,79.06
2013-07-02,81.94,82.23,81.32,81.68,5056000,79.99
2013-07-01,81.96,82.50,81.76,82.04,3804900,80.34
2013-06-28,81.97,82.27,81.60,81.79,5996000,80.09
2013-06-27,81.77,82.54,81.52,81.74,4464300,80.04
2013-06-26,80.62,81.57,80.62,81.30,4519100,79.61
2013-06-25,80.42,80.55,79.67,80.04,5929200,78.38
2013-06-24,78.68,80.75,78.20,80.13,6787400,78.47
2013-06-21,79.56,80.42,79.22,80.13,9417000,78.47
2013-06-20,80.48,80.88,78.77,78.91,7031200,77.27
2013-06-19,82.26,82.67,80.89,80.89,5487200,79.21
2013-06-18,82.37,82.69,82.00,82.57,3355200,80.86
2013-06-17,82.59,82.93,82.09,82.55,4655200,80.84
2013-06-14,82.00,83.00,81.99,82.13,4034300,80.43
2013-06-13,82.06,82.24,81.25,81.98,5410700,80.28
2013-06-12,82.81,83.19,82.04,82.11,4277900,80.41
2013-06-11,82.38,82.81,81.82,82.53,6505000,80.82
2013-06-10,82.60,83.06,82.11,82.85,5036600,81.13
2013-06-07,81.98,82.51,81.49,82.51,6448200,80.80
2013-06-06,81.19,81.66,80.71,81.66,6031600,79.97
2013-06-05,80.89,81.53,80.72,81.20,6998200,79.52
2013-06-04,81.65,82.06,81.02,81.63,4543000,79.38
2013-06-03,80.67,81.49,79.73,81.40,5758100,79.16
2013-05-31,81.02,81.61,80.72,80.77,7813300,78.54
2013-05-30,81.14,81.49,80.70,81.22,4959800,78.98
2013-05-29,82.23,82.23,80.92,81.12,4346000,78.88
2013-05-28,83.09,83.48,82.17,82.43,4052500,80.16
2013-05-24,81.81,82.78,81.55,82.58,3579600,80.30
2013-05-23,82.30,82.73,81.51,82.12,4687000,79.86
2013-05-22,82.59,84.27,82.58,82.97,5239900,80.68
2013-05-21,82.63,82.93,82.12,82.63,3982600,80.35
2013-05-20,83.79,83.84,82.47,82.59,3958200,80.31
2013-05-17,83.91,84.04,83.11,83.80,4505200,81.49
2013-05-16,84.04,84.78,83.67,83.74,4496300,81.43
2013-05-15,83.38,84.45,83.24,84.25,4087900,81.93
2013-05-14,83.06,83.52,82.92,83.50,4538500,81.20
2013-05-13,82.72,83.35,82.52,83.03,3010600,80.74
2013-05-10,82.98,83.25,82.58,83.00,3161800,80.71
2013-05-09,83.35,83.58,82.60,82.85,3711900,80.57
2013-05-08,83.30,83.65,82.81,83.25,4110700,80.96
2013-05-07,82.59,83.34,82.37,83.34,3706700,81.04
2013-05-06,82.70,82.70,82.22,82.50,3032100,80.23
2013-05-03,82.96,83.25,82.46,82.83,4777200,80.55
2013-05-02,82.14,82.93,82.08,82.56,2727000,80.29
2013-05-01,82.36,82.84,82.08,82.21,3532100,79.94
2013-04-30,82.41,82.64,82.02,82.47,4116100,80.20
2013-04-29,82.51,82.92,82.42,82.65,2849600,80.37
2013-04-26,82.71,82.99,82.30,82.51,3076000,80.24
2013-04-25,82.41,83.09,82.18,82.82,5602800,80.54
2013-04-24,84.06,84.29,82.22,82.34,6398300,80.07
2013-04-23,83.67,84.32,83.50,84.10,6670800,81.78
2013-04-22,82.29,83.63,82.05,83.38,6664800,81.08
2013-04-19,82.01,83.27,81.87,82.77,8368300,80.49
2013-04-18,80.21,83.45,80.11,81.25,18895600,79.01
2013-04-17,79.74,80.15,78.77,78.85,7532300,76.68
2013-04-16,79.23,80.03,79.09,80.00,5148600,77.80
2013-04-15,79.53,80.02,78.91,78.92,5356600,76.75
2013-04-12,78.93,80.04,78.74,79.99,5540000,77.79
2013-04-11,80.03,80.48,79.80,79.96,5389900,77.76
2013-04-10,79.43,80.10,79.26,80.06,3540200,77.85
2013-04-09,79.60,79.72,79.15,79.21,3921900,77.03
2013-04-08,78.57,79.51,78.25,79.50,3726400,77.31
2013-04-05,78.95,79.08,78.40,78.59,4244000,76.42
2013-04-04,78.30,79.57,78.30,79.53,5299000,77.34
2013-04-03,79.87,79.88,78.80,78.96,3895400,76.78
2013-04-02,79.35,79.88,79.27,79.74,4034100,77.54
2013-04-01,78.76,79.23,78.76,79.10,3639000,76.92
2013-03-28,78.50,79.13,78.07,79.11,5338100,76.93
2013-03-27,78.50,78.65,77.91,78.29,3601600,76.13
2013-03-26,77.90,78.94,77.79,78.92,5183700,76.75
2013-03-25,78.61,78.64,77.60,77.83,6873800,75.69
2013-03-22,76.74,79.27,76.66,78.64,14228500,76.47
2013-03-21,76.29,76.75,76.00,76.15,3998200,74.05
2013-03-20,76.95,77.07,76.07,76.32,7579800,74.22
2013-03-19,76.78,76.95,76.50,76.67,5040200,74.56
2013-03-18,76.66,76.99,76.60,76.68,4176900,74.57
2013-03-15,76.85,77.15,76.70,77.04,6650900,74.92
2013-03-14,77.06,77.22,76.86,77.19,4149900,75.06
2013-03-13,76.89,77.10,76.65,76.95,3544000,74.83
2013-03-12,76.83,77.18,76.69,76.89,4608300,74.77
2013-03-11,77.12,77.39,76.79,76.85,4023100,74.73
2013-03-08,77.16,77.41,76.65,77.20,4297000,75.07
2013-03-07,76.76,77.17,76.67,77.14,4461600,75.01
2013-03-06,77.00,77.09,76.62,76.80,3940800,74.68
2013-03-05,76.84,77.07,76.49,76.90,7424800,74.78
2013-03-04,75.78,76.62,75.54,76.60,5558800,74.49
2013-03-01,75.55,75.95,75.37,75.93,4282100,73.84
2013-02-28,75.44,75.95,75.44,75.77,6007400,73.68
2013-02-27,75.10,75.59,74.53,75.48,4655800,73.40
2013-02-26,75.40,75.77,75.00,75.62,6176900,73.01
2013-02-25,75.68,76.33,75.09,75.19,7600400,72.60
2013-02-22,75.42,75.58,75.14,75.57,4971300,72.97
2013-02-21,75.27,75.44,74.72,75.36,5645200,72.76
2013-02-20,75.29,75.86,75.29,75.42,7637900,72.82
2013-02-19,73.75,75.59,73.48,75.50,10825700,72.90
2013-02-15,72.49,73.72,72.47,73.68,9345800,71.14
2013-02-14,72.12,73.20,71.50,72.28,8160800,69.79
2013-02-13,72.24,72.37,70.98,71.50,12029800,69.04
2013-02-12,72.42,72.45,72.06,72.17,6398000,69.68
2013-02-11,72.50,72.64,72.20,72.36,3744000,69.87
2013-02-08,72.76,72.87,72.47,72.60,3721400,70.10
2013-02-07,72.82,73.03,72.46,72.81,4146400,70.30
2013-02-06,72.91,73.12,72.74,72.77,4782800,70.26
2013-02-05,72.63,73.16,72.63,73.15,5558500,70.63
2013-02-04,72.48,72.67,72.40,72.45,5449500,69.95
2013-02-01,73.08,73.11,72.57,72.67,5964900,70.17
2013-01-31,73.36,73.37,72.68,72.85,5677900,70.34
2013-01-30,72.87,73.46,72.84,73.21,5179600,70.69
2013-01-29,72.46,72.95,72.46,72.94,6654600,70.43
2013-01-28,72.41,72.67,72.30,72.61,3741000,70.11
2013-01-25,72.40,72.55,72.23,72.49,4153600,69.99
2013-01-24,71.91,72.38,71.91,72.23,5136300,69.74
2013-01-23,72.08,72.29,71.74,71.81,4812000,69.34
2013-01-22,72.39,72.45,72.02,72.20,7042200,69.71
2013-01-18,72.22,72.54,72.13,72.48,7741200,69.98
2013-01-17,71.64,72.47,71.30,72.43,7495700,69.93
2013-01-16,71.33,71.80,71.26,71.48,5001000,69.02
2013-01-15,71.17,71.74,70.87,71.60,5546100,69.13
2013-01-14,70.89,71.42,70.77,71.29,5631800,68.83
2013-01-11,70.72,70.89,70.56,70.88,4668900,68.44
2013-01-10,70.19,70.92,70.16,70.81,6923200,68.37
2013-01-09,69.95,70.04,69.57,70.01,6280900,67.60
2013-01-08,69.25,69.70,69.25,69.66,5072500,67.26
2013-01-07,69.53,69.69,69.16,69.45,5658400,67.06
2013-01-04,69.29,69.63,69.10,69.46,4512300,67.07
2013-01-03,69.28,69.48,69.05,69.36,5200100,66.97
2013-01-02,69.18,69.48,68.64,69.33,8055900,66.94
2012-12-31,67.78,68.45,67.39,68.43,5899600,66.07
2012-12-28,68.34,68.69,68.01,68.02,3764500,65.68
2012-12-27,68.75,68.93,68.18,68.67,4748100,66.30
2012-12-26,69.41,69.43,68.58,68.84,3731400,66.47
2012-12-24,69.33,69.60,69.01,69.43,2071300,67.04
2012-12-21,69.98,70.09,69.23,69.63,8748000,67.23
2012-12-20,70.03,70.25,69.67,70.11,6478200,67.69
2012-12-19,70.55,70.65,69.85,69.88,6275900,67.47
2012-12-18,70.27,70.77,70.00,70.53,5549700,68.10
2012-12-17,70.26,70.58,70.10,70.37,5934100,67.95
2012-12-14,70.10,70.45,70.01,70.16,5068300,67.74
2012-12-13,70.32,70.46,70.10,70.21,4325200,67.79
2012-12-12,70.50,70.75,70.16,70.24,4483400,67.82
2012-12-11,70.21,70.89,70.09,70.42,5840800,67.99
2012-12-10,70.02,70.33,70.00,70.21,4124000,67.79
2012-12-07,70.06,70.27,69.85,70.26,3891300,67.84
2012-12-06,69.81,70.02,69.75,70.02,4086200,67.61
2012-12-05,69.50,70.09,69.30,69.71,4841900,67.31
2012-12-04,69.84,70.02,69.65,69.86,3644900,66.93
2012-12-03,70.32,70.41,69.80,69.87,4769200,66.94
2012-11-30,70.31,70.35,69.74,70.21,6664600,67.27
2012-11-29,70.39,70.64,70.17,70.31,4284700,67.37
2012-11-28,69.91,70.59,69.81,70.35,4434100,67.40
2012-11-27,69.92,70.42,69.69,70.11,4794900,67.17
2012-11-26,69.79,70.05,69.60,70.00,3855800,67.07
2012-11-23,69.50,70.36,69.50,70.19,3427900,67.25
2012-11-21,68.98,69.40,68.68,69.31,4106000,66.41
2012-11-20,68.60,68.93,68.32,68.91,5457000,66.02
2012-11-19,68.57,68.80,68.16,68.78,5512100,65.90
2012-11-16,68.02,68.50,67.79,68.31,5178400,65.45
2012-11-15,68.12,68.31,67.72,68.19,4668900,65.33
2012-11-14,68.56,68.71,68.04,68.17,4711100,65.31
2012-11-13,68.72,69.17,68.51,68.58,3791000,65.71
2012-11-12,68.78,68.97,68.57,68.61,3906400,65.74
2012-11-09,68.63,69.15,68.56,68.85,5598700,65.97
2012-11-08,68.89,69.30,68.60,68.79,5531800,65.91
2012-11-07,69.17,69.40,68.54,68.99,5913100,66.10
2012-11-06,69.03,69.61,68.76,69.35,4800300,66.45
2012-11-05,68.57,69.08,68.32,69.00,4759100,66.11
2012-11-02,69.69,69.77,68.93,69.05,4352400,66.16
2012-11-01,69.25,69.67,69.12,69.44,4420100,66.53
2012-10-31,69.17,69.68,68.97,69.24,5490500,66.34
2012-10-26,69.13,69.19,68.68,68.98,5200000,66.09
2012-10-25,68.64,69.09,68.53,68.89,4805600,66.00
2012-10-24,68.56,69.03,68.23,68.40,5619700,65.54
2012-10-23,69.17,69.26,68.36,68.52,5692900,65.65
2012-10-22,69.68,69.88,69.01,69.60,5820400,66.69
2012-10-19,70.62,70.90,69.61,69.88,9572400,66.95
2012-10-18,70.13,70.91,70.08,70.76,8081400,67.80
2012-10-17,70.23,70.93,69.95,70.10,9153200,67.16
2012-10-16,70.50,70.89,70.24,70.30,5802400,67.36
2012-10-15,70.04,70.39,69.75,70.34,4700700,67.39
2012-10-12,70.10,70.67,69.94,70.05,6158600,67.12
2012-10-11,70.75,70.84,69.82,69.82,5258200,66.90
2012-10-10,71.18,71.37,70.09,70.29,5150900,67.35
2012-10-09,71.19,71.47,71.08,71.11,4673200,68.13
2012-10-08,71.00,71.41,70.86,71.19,3023600,68.21
2012-10-05,71.11,71.39,70.90,71.10,5491700,68.12
2012-10-04,70.78,71.06,70.70,70.87,4630500,67.90
2012-10-03,70.78,70.96,70.49,70.70,4276000,67.74
2012-10-02,70.85,71.06,70.25,70.62,4219000,67.66
2012-10-01,70.70,71.23,70.53,70.65,4794000,67.69
2012-09-28,70.62,70.80,70.35,70.77,5021800,67.81
2012-09-27,70.48,70.84,70.28,70.64,3373400,67.68
2012-09-26,70.63,70.99,70.41,70.42,3758200,67.47
2012-09-25,70.94,71.03,70.26,70.35,5642400,67.40
2012-09-24,70.57,70.87,70.41,70.70,4526800,67.74
2012-09-21,71.50,71.50,70.47,70.55,8268300,67.60
2012-09-20,70.79,71.58,70.76,71.24,4790100,68.26
2012-09-19,70.84,71.18,70.50,70.85,4902500,67.88
2012-09-18,70.39,70.91,70.32,70.73,4725400,67.77
2012-09-17,70.44,70.86,70.22,70.39,6596600,67.44
2012-09-14,70.91,71.03,70.26,70.46,7448100,67.51
2012-09-13,70.27,71.07,70.00,70.88,8461200,67.91
2012-09-12,71.52,71.72,69.96,70.06,10485400,67.13
2012-09-11,71.78,71.98,71.46,71.58,4270400,68.58
2012-09-10,72.00,72.09,71.76,71.84,3953300,68.83
2012-09-07,72.15,72.50,72.00,72.10,4609200,69.08
2012-09-06,71.86,72.34,71.82,72.15,5226400,69.13
2012-09-05,71.85,72.09,71.36,71.54,5277300,68.54
2012-09-04,72.55,72.68,71.97,72.48,4925900,68.93
2012-08-31,72.44,72.76,72.19,72.43,5234100,68.88
2012-08-30,72.51,72.58,72.08,72.18,3881300,68.64
2012-08-29,73.03,73.24,72.73,72.78,3770500,69.21
2012-08-28,73.02,73.35,72.90,73.12,4387400,69.54
2012-08-27,73.01,73.66,72.93,73.17,3472200,69.59
2012-08-24,72.66,73.26,72.58,73.06,3989900,69.48
2012-08-23,72.95,72.99,72.50,72.66,3832100,69.10
2012-08-22,72.76,73.08,72.46,72.89,4331800,69.32
2012-08-21,73.30,73.48,73.00,73.01,3917900,69.43
2012-08-20,73.27,73.49,72.88,73.33,3356800,69.74
2012-08-17,73.57,73.65,73.12,73.39,6204700,69.79
2012-08-16,72.44,73.61,72.40,73.58,8715500,69.98
2012-08-15,72.01,72.68,71.88,72.62,6502100,69.06
2012-08-14,72.14,72.30,71.67,72.24,6920700,68.70
2012-08-13,71.91,72.16,71.78,71.99,3949000,68.46
2012-08-10,72.01,72.16,71.69,72.13,3590200,68.60
2012-08-09,72.42,72.50,71.96,72.14,3992700,68.61
2012-08-08,72.09,72.70,72.05,72.57,3521400,69.01
2012-08-07,72.63,72.76,72.20,72.29,4924900,68.75
2012-08-06,72.86,72.95,72.46,72.48,4092200,68.93
2012-08-03,72.47,72.90,72.19,72.87,5431800,69.30
2012-08-02,72.11,72.26,71.45,71.80,6331400,68.28
2012-08-01,72.79,72.91,71.09,72.40,13038300,68.85
2012-07-31,72.31,72.85,72.25,72.73,6838800,69.17
2012-07-30,71.95,72.94,71.85,72.75,6198600,69.19
2012-07-27,70.59,72.43,70.51,72.26,10795700,68.72
2012-07-26,70.72,71.50,70.67,71.22,9457100,67.73
2012-07-25,69.06,70.45,69.04,70.30,8688300,66.86
2012-07-24,69.14,69.14,68.46,68.79,5930700,65.42
2012-07-23,69.57,69.90,68.94,69.34,5070600,65.94
2012-07-20,70.04,70.32,69.66,69.96,7628100,66.53
2012-07-19,70.36,70.47,70.10,70.42,4110900,66.97
2012-07-18,70.17,70.44,69.80,70.38,4221900,66.93
2012-07-17,70.63,70.84,69.57,70.33,5872300,66.88
2012-07-16,70.34,70.55,70.16,70.35,4543400,66.90
2012-07-13,69.99,70.50,69.85,70.41,4183800,66.96
2012-07-12,69.96,70.12,69.74,69.85,5637500,66.43
2012-07-11,69.75,70.28,69.60,70.13,6239200,66.69
2012-07-10,70.16,70.29,69.72,69.87,5074800,66.45
2012-07-09,70.13,70.43,69.69,69.99,4289200,66.56
2012-07-06,69.90,70.49,69.61,70.22,4578900,66.78
2012-07-05,70.50,70.55,70.06,70.17,4417100,66.73
2012-07-03,70.42,70.89,70.42,70.76,3377200,67.29
2012-07-02,70.34,70.79,70.00,70.76,6248000,67.29
2012-06-29,69.96,70.66,69.81,70.66,8886700,67.20
2012-06-28,69.52,69.82,69.11,69.60,6067200,66.19
2012-06-27,69.10,69.92,68.95,69.75,7553700,66.33
2012-06-26,68.55,69.13,68.30,68.94,6461800,65.56
2012-06-25,68.14,68.74,68.10,68.61,5120700,65.25
2012-06-22,68.64,69.05,68.64,68.70,5330600,65.33
2012-06-21,69.09,69.50,68.46,68.50,7056100,65.14
2012-06-20,69.14,69.24,68.29,68.91,8799900,65.53
2012-06-19,69.73,69.74,69.21,69.31,5340200,65.91
2012-06-18,69.42,69.75,69.40,69.60,4337700,66.19
2012-06-15,69.50,69.74,69.20,69.48,8815900,66.08
2012-06-14,68.67,69.66,68.58,69.27,5879900,65.88
2012-06-13,68.30,68.88,68.16,68.55,4964900,65.19
2012-06-12,68.25,68.50,68.04,68.40,5537800,65.05
2012-06-11,68.55,68.82,68.03,68.05,3874200,64.72
2012-06-08,67.75,68.41,67.60,68.31,3851800,64.96
2012-06-07,67.80,67.98,67.19,67.68,6389200,64.36
2012-06-06,67.32,67.66,67.04,67.49,5743100,64.18
2012-06-05,67.37,67.43,66.66,67.00,5607400,63.72
2012-06-04,67.46,67.65,67.05,67.48,6034400,64.17
2012-06-01,67.02,67.61,66.87,67.51,10514100,64.20
2012-05-31,68.14,68.59,67.67,67.85,10839300,64.53
2012-05-30,68.60,68.60,68.05,68.22,7549600,64.88
2012-05-29,68.50,69.34,68.44,69.33,10044700,65.42
2012-05-25,68.58,69.10,68.31,68.64,9372400,64.77
2012-05-24,68.18,68.90,67.90,68.81,16245700,64.93
2012-05-23,67.88,68.40,67.38,68.00,5530300,64.17
2012-05-22,67.91,68.50,67.82,68.08,5514200,64.24
2012-05-21,68.19,68.22,67.65,67.98,5500800,64.15
2012-05-18,68.44,68.45,67.56,68.12,11275700,64.28
2012-05-17,68.59,69.18,68.57,68.77,10532100,64.89
2012-05-16,68.37,69.07,68.24,68.75,12660500,64.87
2012-05-15,67.01,68.60,66.91,67.85,16062300,64.03
2012-05-14,66.57,67.45,66.32,67.15,7482800,63.36
2012-05-11,66.66,67.25,66.60,66.80,5114000,63.03
2012-05-10,66.17,67.19,66.17,66.79,8106700,63.02
2012-05-09,66.13,66.34,65.68,65.94,6013300,62.22
2012-05-08,66.25,66.70,66.17,66.52,6917600,62.77
2012-05-07,66.51,66.97,66.27,66.62,6910300,62.86
2012-05-04,66.86,66.90,65.87,65.90,6971200,62.18
2012-05-03,66.85,67.00,66.72,66.91,5821300,63.14
2012-05-02,66.52,66.92,66.41,66.83,5812400,63.06
2012-05-01,65.92,66.74,65.77,66.49,6591700,62.74
2012-04-30,65.97,66.25,65.77,66.00,5367500,62.28
2012-04-27,66.64,66.69,66.09,66.10,6248000,62.37
2012-04-26,66.50,66.77,66.22,66.37,7989100,62.63
2012-04-25,66.65,66.86,66.50,66.67,7056700,62.91
2012-04-24,66.33,66.84,66.27,66.51,5512500,62.76
2012-04-23,66.17,66.45,66.03,66.18,4944500,62.45
2012-04-20,66.17,66.74,66.10,66.63,7302500,62.87
2012-04-19,66.20,66.36,66.00,66.15,6531200,62.42
2012-04-18,66.10,66.31,66.05,66.21,5408000,62.48
2012-04-17,66.23,66.65,66.02,66.40,6748100,62.66
2012-04-16,65.13,66.39,65.13,65.99,7862600,62.27
2012-04-13,65.35,65.50,65.06,65.06,7412100,61.39
2012-04-12,65.06,65.50,64.64,65.38,5843100,61.69
2012-04-11,65.18,65.42,64.96,65.15,5376900,61.48
2012-04-10,65.19,65.35,64.79,64.85,5715700,61.19
2012-04-09,65.63,65.69,65.25,65.35,4526200,61.67
2012-04-05,66.04,66.21,65.70,66.15,5755800,62.42
2012-04-04,66.23,66.52,66.14,66.34,4556500,62.60
2012-04-03,66.58,66.82,66.33,66.56,5108400,62.81
2012-04-02,66.26,66.75,66.21,66.74,5203800,62.98
2012-03-30,66.28,66.50,66.04,66.35,5949300,62.61
2012-03-29,65.85,66.02,65.53,66.02,6320700,62.30
2012-03-28,65.95,66.03,65.60,65.93,5833300,62.21
2012-03-27,65.85,66.19,65.61,66.01,5274800,62.29
2012-03-26,65.47,65.80,65.45,65.78,5211800,62.07
2012-03-23,65.45,65.76,65.28,65.30,5356000,61.62
2012-03-22,65.14,65.56,65.03,65.39,5149000,61.70
2012-03-21,65.28,65.58,65.05,65.36,6555500,61.68
2012-03-20,64.40,65.56,64.33,65.28,7676400,61.60
2012-03-19,64.32,64.88,64.27,64.73,6555900,61.08
2012-03-16,64.23,64.50,64.18,64.47,8870500,60.84
2012-03-15,64.00,64.34,63.80,64.17,4734500,60.55
2012-03-14,64.20,64.63,63.95,64.06,6930200,60.45
2012-03-13,64.31,64.57,64.11,64.34,7450800,60.71
2012-03-12,63.31,64.05,63.01,63.94,8098100,60.34
2012-03-09,62.96,63.32,62.90,63.15,4096100,59.59
2012-03-08,62.90,63.12,62.73,62.95,4398300,59.40
2012-03-07,62.33,62.74,62.15,62.62,7509000,59.09
2012-03-06,62.35,62.82,62.22,62.28,7231200,58.77
2012-03-05,62.50,62.98,62.43,62.79,5646600,59.25
2012-03-02,62.54,62.68,62.40,62.52,6011800,59.00
2012-03-01,63.05,63.05,62.44,62.55,7660300,59.02
2012-02-29,62.90,63.13,62.81,62.94,7013800,59.39
2012-02-28,63.53,63.69,63.03,63.32,6407500,59.26
2012-02-27,63.18,63.75,63.05,63.32,25483800,59.26
2012-02-24,63.15,63.52,63.15,63.31,16088000,59.26
2012-02-23,63.18,63.24,62.83,63.13,19031400,59.09
2012-02-22,63.16,63.29,63.00,63.10,5506300,59.06
2012-02-21,63.05,63.39,62.97,63.14,6581800,59.10
2012-02-17,62.57,62.76,62.33,62.68,14646300,58.67
2012-02-16,63.20,63.30,62.73,62.73,11449400,58.71
2012-02-15,63.34,63.60,62.92,63.07,9099000,59.03
2012-02-14,63.52,63.98,63.29,63.52,12623200,59.45
2012-02-13,64.01,64.19,63.38,63.69,9295900,59.61
2012-02-10,64.12,64.19,63.63,63.95,10702500,59.85
2012-02-09,64.86,64.90,63.81,64.27,25593100,60.15
2012-02-08,66.82,66.92,66.47,66.74,6021900,62.47
2012-02-07,66.27,66.98,66.14,66.76,5597800,62.48
2012-02-06,66.42,66.76,66.13,66.52,4917700,62.26
2012-02-03,66.88,66.90,66.30,66.66,6295300,62.39
2012-02-02,66.60,66.70,66.20,66.40,5124100,62.15
2012-02-01,65.99,66.50,65.86,66.38,6351200,62.13
2012-01-31,65.50,65.69,65.28,65.67,5834300,61.46
2012-01-30,65.60,65.60,65.16,65.41,5712300,61.22
2012-01-27,66.25,66.42,65.67,65.81,5832500,61.59
2012-01-26,66.62,66.96,66.35,66.52,5345900,62.26
2012-01-25,65.88,66.80,65.67,66.70,5131300,62.43
2012-01-24,65.96,66.32,65.94,66.20,4148700,61.96
2012-01-23,65.92,66.15,65.39,66.10,5551000,61.87
2012-01-20,66.06,66.41,65.57,66.28,5538800,62.03
2012-01-19,65.14,66.05,64.95,65.91,8195800,61.69
2012-01-18,64.67,65.08,64.51,64.85,5373300,60.70
2012-01-17,64.76,65.09,64.60,64.65,7457600,60.51
2012-01-13,64.44,64.72,64.30,64.40,6677900,60.28
2012-01-12,65.10,65.18,64.47,64.62,5745700,60.48
2012-01-11,65.00,65.17,64.13,65.01,10470200,60.85
2012-01-10,65.98,66.05,65.47,65.66,4996000,61.45
2012-01-09,65.26,65.83,65.01,65.73,5859600,61.52
2012-01-06,66.27,66.27,65.29,65.39,6533000,61.20
2012-01-05,66.58,66.67,66.12,66.22,4909100,61.98
2012-01-04,66.41,66.84,66.12,66.74,6042400,62.47
2012-01-03,66.86,67.19,66.36,66.40,5348800,62.15
2011-12-30,66.42,66.69,66.24,66.35,2632900,62.10
2011-12-29,65.97,66.63,65.96,66.54,2840300,62.28
2011-12-28,66.38,66.50,65.84,65.91,3179800,61.69
2011-12-27,66.47,66.78,66.32,66.38,2544000,62.13
2011-12-23,66.28,66.69,66.12,66.57,2625700,62.31
2011-12-22,66.03,66.42,65.92,66.04,3537200,61.81
2011-12-21,65.22,66.25,65.22,66.04,4979700,61.81
2011-12-20,64.80,65.71,64.62,65.53,4800400,61.33
2011-12-19,64.63,65.17,64.20,64.37,4943000,60.25
2011-12-16,65.28,65.40,64.62,64.71,8619400,60.57
2011-12-15,64.03,65.10,63.94,64.85,6417700,60.70
2011-12-14,64.41,64.67,63.93,63.98,5665500,59.88
2011-12-13,64.95,65.24,64.14,64.28,4946400,60.16
2011-12-12,65.10,65.24,63.89,64.66,5834400,60.52
2011-12-09,64.44,65.40,64.42,65.19,6351700,61.01
2011-12-08,64.54,65.14,64.22,64.33,5170100,60.21
2011-12-07,64.45,65.17,64.23,64.91,5638400,60.75
2011-12-06,64.60,65.04,64.15,64.65,5992700,60.51
2011-12-05,64.69,64.77,64.09,64.40,5601300,60.28
2011-12-02,64.44,64.70,64.15,64.28,6571600,60.16
2011-12-01,64.27,64.47,63.83,64.09,7686200,59.99
2011-11-30,64.39,64.61,63.67,64.00,10022600,59.90
2011-11-29,63.09,64.01,63.00,63.66,6408900,59.10
2011-11-28,62.70,63.55,62.58,62.99,5459000,58.48
2011-11-25,62.70,62.91,62.40,62.49,2893500,58.01
2011-11-23,62.83,62.96,62.25,62.40,5386100,57.93
2011-11-22,62.89,63.54,62.88,63.18,4745100,58.66
2011-11-21,63.21,63.74,63.05,63.15,6964200,58.63
2011-11-18,64.05,64.14,63.04,63.89,10355300,59.31
2011-11-17,64.90,65.09,63.20,64.09,13519700,59.50
2011-11-16,64.43,66.65,64.28,65.09,17887600,60.43
2011-11-15,63.12,64.92,63.09,64.50,14947300,59.88
2011-11-14,63.19,63.23,62.50,62.80,3989700,58.30
2011-11-11,63.28,63.50,63.11,63.28,4932500,58.75
2011-11-10,62.65,63.26,62.29,62.96,5707900,58.45
2011-11-09,62.94,63.13,62.07,62.28,6851500,57.82
2011-11-08,62.61,63.75,62.32,63.66,8745400,59.10
2011-11-07,61.99,62.54,61.56,62.50,5022500,58.02
2011-11-04,62.50,62.53,61.67,61.99,6312800,57.55
2011-11-03,62.47,62.85,62.13,62.80,7680100,58.30
2011-11-02,62.68,62.79,62.15,62.41,7002600,57.94
2011-11-01,62.11,62.60,61.89,62.23,11377900,57.77
2011-10-31,62.59,63.58,62.59,62.95,9351500,58.44
2011-10-28,63.24,63.47,62.76,63.20,8076100,58.67
2011-10-27,62.91,63.06,62.17,62.88,11217200,58.38
2011-10-26,62.07,62.16,61.50,62.01,7588900,57.57
2011-10-25,62.37,62.57,61.71,61.82,9199100,57.39
2011-10-24,62.30,62.50,61.75,62.10,7490100,57.65
2011-10-21,62.57,62.88,62.00,62.28,10698900,57.82
2011-10-20,62.28,62.46,61.89,62.12,6210700,57.67
2011-10-19,62.40,62.76,62.02,62.11,5719700,57.66
2011-10-18,62.02,62.81,61.67,62.41,7361200,57.94
2011-10-17,61.86,62.62,61.80,61.89,5095000,57.46
2011-10-14,62.73,62.75,61.79,62.24,8736600,57.78
2011-10-13,62.19,62.49,62.01,62.36,6887300,57.89
2011-10-12,62.37,63.62,62.00,62.70,13796200,58.21
2011-10-11,61.57,61.82,60.51,60.95,10261900,56.58
2011-10-10,61.66,61.93,61.37,61.87,5985600,57.44
2011-10-07,60.98,61.56,60.60,61.02,7909800,56.65
2011-10-06,59.96,60.61,59.48,60.57,8023900,56.23
2011-10-05,60.15,60.34,59.33,60.29,9194000,55.97
2011-10-04,59.72,60.56,58.50,60.45,11390500,56.12
2011-10-03,61.59,62.20,60.24,60.29,10573100,55.97
2011-09-30,62.37,62.99,61.85,61.90,7405600,57.47
2011-09-29,62.74,63.12,61.95,62.58,6609100,58.10
2011-09-28,62.61,63.31,61.86,61.97,7054300,57.53
2011-09-27,62.72,63.13,62.23,62.43,7991500,57.96
2011-09-26,60.75,62.04,60.73,61.89,10312400,57.46
2011-09-23,60.59,60.79,59.65,60.34,11139000,56.02
2011-09-22,60.00,61.19,59.59,60.92,16341000,56.56
2011-09-21,61.64,62.01,60.74,60.79,14350400,56.44
2011-09-20,60.66,61.38,60.29,60.39,9630200,56.06
2011-09-19,61.12,61.19,60.00,60.56,13587000,56.22
2011-09-16,63.06,63.06,61.58,62.05,16669100,57.61
2011-09-15,62.08,63.59,60.98,63.22,18666400,58.69
2011-09-14,60.86,62.16,60.28,61.58,10606900,57.17
2011-09-13,60.30,60.93,60.12,60.54,9470700,56.20
2011-09-12,59.40,60.24,59.25,60.14,11253500,55.83
2011-09-09,61.07,61.20,59.68,59.99,14838300,55.69
2011-09-08,61.42,61.49,61.10,61.34,11827200,56.95
2011-09-07,62.98,62.99,61.18,61.62,14915300,57.21
2011-09-06,61.75,62.58,61.52,62.45,8216000,57.98
2011-09-02,63.63,64.11,63.18,63.30,5790000,58.77
2011-09-01,64.38,64.88,64.10,64.15,5986200,59.56
2011-08-31,64.13,64.75,64.01,64.43,8353600,59.82
2011-08-30,63.97,64.91,63.65,64.52,7969600,59.42
2011-08-29,63.71,64.21,63.54,64.16,18839600,59.09
2011-08-26,63.35,63.52,62.00,63.16,12274200,58.17
2011-08-25,63.77,63.92,62.75,63.02,13773400,58.04
2011-08-24,63.37,63.75,63.03,63.70,6789100,58.67
2011-08-23,62.15,63.48,62.10,63.48,7631200,58.46
2011-08-22,62.79,62.79,61.77,61.92,8212500,57.03
2011-08-19,62.57,63.15,61.85,62.07,13212600,57.16
2011-08-18,63.82,64.56,62.50,63.09,12016800,58.10
2011-08-17,63.77,64.78,63.68,64.62,7568700,59.51
2011-08-16,63.17,64.06,62.85,63.76,6746300,58.72
2011-08-15,63.49,63.75,63.17,63.57,7026800,58.55
2011-08-12,63.30,63.57,62.56,63.18,8808000,58.19
2011-08-11,60.41,63.59,60.41,62.87,14654100,57.90
2011-08-10,62.58,62.89,60.10,60.32,21692800,55.55
2011-08-09,63.51,63.89,60.61,63.09,27337100,58.10
2011-08-08,64.17,64.91,62.88,62.97,20127300,57.99
2011-08-05,64.14,65.48,63.48,64.67,18775700,59.56
2011-08-04,64.43,65.09,63.20,63.35,15201200,58.34
2011-08-03,63.34,64.59,63.18,64.48,11800200,59.38
2011-08-02,63.61,63.76,63.18,63.18,8047800,58.19
2011-08-01,64.22,64.43,63.45,63.86,7997200,58.81
2011-07-29,63.81,64.21,63.55,64.04,8711600,58.98
2011-07-28,64.15,64.40,63.88,63.89,6831700,58.84
2011-07-27,64.09,64.44,63.79,63.86,12889200,58.81
2011-07-26,64.65,64.65,64.01,64.07,12524600,59.01
2011-07-25,65.20,65.38,64.27,64.37,14148600,59.28
2011-07-22,66.18,66.25,65.24,65.76,10477200,60.56
2011-07-21,67.31,67.31,64.79,66.17,26300600,60.94
2011-07-20,68.86,68.87,68.28,68.49,5707000,63.08
2011-07-19,68.09,68.73,67.75,68.54,6550200,63.12
2011-07-18,68.61,68.61,67.38,68.00,6165000,62.63
2011-07-15,68.53,68.53,68.00,68.53,6760200,63.11
2011-07-14,68.74,69.08,68.44,68.60,4460000,63.18
2011-07-13,69.38,69.47,68.63,68.89,4955500,63.45
2011-07-12,69.20,69.54,68.86,69.01,5376300,63.56
2011-07-11,69.34,69.48,68.92,69.30,5248800,63.82
2011-07-08,70.01,70.39,69.46,69.93,6016400,64.40
2011-07-07,70.49,70.75,70.25,70.52,5695000,64.95
2011-07-06,69.80,70.21,69.75,70.17,5989600,64.62
2011-07-05,69.87,70.45,69.66,69.77,7317900,64.26
2011-07-01,70.08,70.36,69.61,70.19,6466900,64.64
2011-06-30,70.13,70.49,69.92,70.43,5280400,64.86
2011-06-29,69.77,70.26,69.75,69.96,5512200,64.43
2011-06-28,69.37,69.78,69.18,69.62,5162800,64.12
2011-06-27,68.53,69.33,68.53,69.05,7453200,63.59
2011-06-24,67.98,68.66,67.95,68.45,14860400,63.04
2011-06-23,68.27,68.54,67.46,67.98,8321100,62.61
2011-06-22,68.93,69.15,68.75,68.78,5429900,63.34
2011-06-21,69.28,69.34,68.80,68.93,5653900,63.48
2011-06-20,68.63,69.26,68.63,68.98,5061200,63.53
2011-06-17,69.30,69.49,68.56,68.72,7575900,63.29
2011-06-16,68.54,69.21,68.53,68.89,6250500,63.45
2011-06-15,69.16,69.57,68.24,68.48,7750700,63.07
2011-06-14,69.47,69.78,69.25,69.57,4832000,64.07
2011-06-13,68.74,69.32,68.62,69.06,4796400,63.60
2011-06-10,69.30,69.42,68.58,68.69,6987200,63.26
2011-06-09,68.97,69.95,68.75,69.51,6047000,64.02
2011-06-08,68.72,69.00,68.41,68.84,5477100,63.40
2011-06-07,69.20,69.30,68.84,68.93,7363600,63.48
2011-06-06,69.03,69.45,68.78,68.89,4933900,63.45
2011-06-03,68.97,69.35,68.71,68.97,5721400,63.52
2011-06-02,70.26,70.39,69.32,69.51,6139800,64.02
2011-06-01,70.58,70.87,70.28,70.29,7748200,64.73
2011-05-31,70.72,71.12,70.61,71.12,6547100,65.03
2011-05-27,70.61,71.03,70.28,70.40,4358200,64.37
2011-05-26,70.34,70.59,69.85,70.42,5896200,64.39
2011-05-25,70.62,70.87,70.24,70.45,5954400,64.41
2011-05-24,71.09,71.22,70.66,70.98,5267600,64.90
2011-05-23,70.92,71.34,70.78,71.04,5546300,64.95
2011-05-20,71.67,71.84,71.22,71.30,5916600,65.19
2011-05-19,71.34,71.89,71.17,71.78,5163600,65.63
2011-05-18,70.98,71.33,70.75,71.27,5556400,65.16
2011-05-17,70.44,71.46,70.32,71.11,6453900,65.02
2011-05-16,70.41,71.09,70.30,70.72,5928900,64.66
2011-05-13,70.70,71.27,70.22,70.56,7501700,64.51
2011-05-12,70.33,71.05,69.96,70.96,6333900,64.88
2011-05-11,69.85,70.78,69.80,70.20,6167300,64.18
2011-05-10,69.81,70.12,69.81,70.03,6118300,64.03
2011-05-09,69.64,69.98,69.48,69.82,5763100,63.84
2011-05-06,69.65,69.95,69.18,69.27,6792600,63.33
2011-05-05,69.40,69.69,68.46,68.83,7642700,62.93
2011-05-04,69.54,69.93,69.30,69.83,8129500,63.85
2011-05-03,68.88,69.59,68.88,69.59,6107500,63.63
2011-05-02,69.24,69.48,69.03,69.31,6235200,63.37
2011-04-29,69.62,69.94,68.65,68.89,8034200,62.99
2011-04-28,67.93,69.92,67.87,69.72,12755900,63.75
2011-04-27,67.73,68.25,67.66,67.93,5939200,62.11
2011-04-26,66.89,67.85,66.85,67.71,6600000,61.91
2011-04-25,67.15,67.27,66.84,67.03,4197500,61.29
2011-04-21,67.53,67.53,67.05,67.41,3876100,61.63
2011-04-20,67.26,67.49,66.98,67.33,4292200,61.56
2011-04-19,67.25,67.25,66.50,66.81,4973900,61.08
2011-04-18,66.73,67.33,66.44,67.15,5668400,61.40
2011-04-15,66.69,67.14,66.44,67.11,5398300,61.36
2011-04-14,66.34,66.87,66.12,66.70,4207700,60.98
2011-04-13,66.58,66.83,66.32,66.45,4203200,60.76
2011-04-12,65.78,66.71,65.56,66.57,7492900,60.86
2011-04-11,65.71,66.35,65.67,66.04,4385100,60.38
2011-04-08,65.76,66.00,65.35,65.73,4076700,60.10
2011-04-07,65.59,66.04,65.55,65.92,6105100,60.27
2011-04-06,65.51,65.88,65.51,65.75,3815300,60.12
2011-04-05,64.99,65.69,64.92,65.58,5762300,59.96
2011-04-04,64.93,65.12,64.86,65.09,4210300,59.51
2011-04-01,64.87,65.42,64.47,65.22,6350000,59.63
2011-03-31,65.09,65.23,64.35,64.41,7403500,58.89
2011-03-30,64.60,65.33,64.43,65.05,5794900,59.48
2011-03-29,64.41,64.61,64.03,64.16,5163800,58.66
2011-03-28,64.02,64.76,63.98,64.34,4971000,58.83
2011-03-25,64.19,64.47,63.95,63.98,5048600,58.50
2011-03-24,64.36,64.48,64.17,64.20,4146500,58.70
2011-03-23,63.95,64.36,63.75,64.20,3908000,58.70
2011-03-22,64.02,64.05,63.83,63.94,5038200,58.46
2011-03-21,63.85,64.30,63.50,64.10,6524500,58.61
2011-03-18,63.49,63.61,62.90,63.24,8427000,57.82
2011-03-17,62.91,63.26,62.56,63.08,6753400,57.67
2011-03-16,62.89,62.92,62.05,62.31,8406300,56.97
2011-03-15,63.44,63.64,62.70,63.01,8730100,57.61
2011-03-14,64.26,64.43,63.59,64.14,5896600,58.64
2011-03-11,64.61,64.89,64.33,64.65,6875600,59.11
2011-03-10,64.34,64.86,64.12,64.43,8663100,58.91
2011-03-09,63.70,64.83,63.56,64.65,7746100,59.11
2011-03-08,63.31,63.90,63.31,63.79,7520000,58.32
2011-03-07,63.43,63.59,63.20,63.47,7018900,58.03
2011-03-04,63.78,63.87,63.03,63.40,7662000,57.97
2011-03-03,63.19,63.98,63.00,63.75,8445800,58.29
2011-03-02,62.95,62.99,62.54,62.94,7061400,57.55
2011-03-01,63.69,63.95,63.19,63.21,8086400,57.35
2011-02-28,63.78,63.96,63.37,63.42,8022500,57.54
2011-02-25,62.99,63.89,62.89,63.60,6523300,57.71
2011-02-24,62.85,63.20,62.71,63.03,9120900,57.19
2011-02-23,63.20,63.77,62.90,62.93,9527000,57.10
2011-02-22,62.66,63.53,62.57,63.15,9637500,57.30
2011-02-18,64.51,64.51,63.20,63.41,14023700,57.54
2011-02-17,63.28,64.71,63.22,64.70,10851000,58.71
2011-02-16,64.09,64.48,63.84,63.96,8043300,58.03
2011-02-15,63.29,64.45,63.06,64.35,9487900,58.39
2011-02-14,63.96,64.33,63.17,63.34,9108700,57.47
2011-02-11,62.62,64.02,62.56,63.87,9016500,57.95
2011-02-10,63.48,64.19,62.94,63.36,15759300,57.49
2011-02-09,64.38,64.76,63.97,64.42,6132000,58.45
2011-02-08,63.62,64.27,63.51,64.17,6064800,58.23
2011-02-07,63.95,63.98,63.26,63.68,8157900,57.78
2011-02-04,64.15,64.28,63.66,63.84,8423900,57.93
2011-02-03,64.51,64.68,64.01,64.18,6693300,58.23
2011-02-02,64.44,64.86,64.04,64.65,8221000,58.66
2011-02-01,64.53,65.14,64.30,65.05,7138100,59.02
2011-01-31,64.35,64.68,64.09,64.31,8666100,58.35
2011-01-28,65.45,65.84,64.12,64.40,10455700,58.43
2011-01-27,65.73,65.95,65.45,65.56,6819700,59.49
2011-01-26,65.89,66.04,65.52,65.86,6797600,59.76
2011-01-25,66.01,66.25,65.75,65.77,4986100,59.68
2011-01-24,65.79,66.18,65.60,66.18,4713700,60.05
2011-01-21,66.19,66.32,65.67,65.87,5564400,59.77
2011-01-20,65.94,66.33,65.81,65.90,7131000,59.79
2011-01-19,66.67,66.69,65.69,65.90,7872400,59.79
2011-01-18,66.46,67.15,66.40,66.57,6066000,60.40
2011-01-14,67.15,67.16,66.57,66.78,5986100,60.59
2011-01-13,66.70,67.46,66.65,66.91,7943000,60.71
2011-01-12,66.71,67.07,66.55,66.73,5265100,60.55
2011-01-11,66.34,66.75,66.01,66.33,4686400,60.19
2011-01-10,66.13,66.32,65.84,66.05,5220500,59.93
2011-01-07,66.82,66.82,66.25,66.39,4899100,60.24
2011-01-06,66.71,66.95,66.38,66.84,7648900,60.65
2011-01-05,65.71,66.88,65.56,66.59,10381900,60.42
2011-01-04,66.10,66.19,65.12,65.41,7897100,59.35
2011-01-03,65.91,66.09,65.60,65.75,6787300,59.66
2010-12-31,65.05,65.55,65.03,65.33,2977400,59.28
2010-12-30,65.31,65.62,65.09,65.12,3507400,59.09
2010-12-29,65.44,65.77,65.33,65.33,3248600,59.28
2010-12-28,65.20,65.53,65.18,65.28,3071200,59.23
2010-12-27,65.64,65.71,65.41,65.42,2358500,59.36
2010-12-23,65.65,65.92,65.51,65.69,3297400,59.60
2010-12-22,65.46,65.72,65.21,65.68,3977600,59.60
2010-12-21,66.37,66.51,65.12,65.40,7830800,59.34
2010-12-20,65.82,66.35,65.75,66.31,5549500,60.17
2010-12-17,65.73,66.00,65.46,65.97,7334800,59.86
2010-12-16,65.24,65.79,65.19,65.75,4830000,59.66
2010-12-15,65.37,65.48,65.10,65.24,4526400,59.20
2010-12-14,65.64,65.87,65.33,65.59,5751600,59.51
2010-12-13,65.06,65.72,64.80,65.53,9261700,59.46
2010-12-10,64.84,65.00,64.59,64.90,5426900,58.89
2010-12-09,64.79,64.79,64.28,64.72,6173400,58.72
2010-12-08,64.80,64.88,64.47,64.63,5431600,58.64
2010-12-07,64.98,65.07,64.61,64.68,5630100,58.69
2010-12-06,65.16,65.17,64.68,64.73,4502700,58.73
2010-12-03,65.08,65.63,65.03,65.17,5679100,59.13
2010-12-02,65.50,65.56,64.76,65.20,8829800,59.16
2010-12-01,64.79,65.72,64.59,65.63,9970600,59.55
2010-11-30,64.05,64.86,63.77,64.63,11252100,58.21
2010-11-29,63.76,64.14,63.43,64.01,5782100,57.65
2010-11-26,64.33,64.34,63.87,63.90,2386800,57.55
2010-11-24,64.20,64.41,63.90,64.33,5270200,57.94
2010-11-23,64.11,64.24,63.59,63.89,7198400,57.54
2010-11-22,64.76,64.85,64.17,64.70,4630100,58.27
2010-11-19,64.42,64.71,64.27,64.71,5511800,58.28
2010-11-18,64.00,64.99,63.61,64.77,6984000,58.33
2010-11-17,64.12,64.24,63.72,63.94,5016700,57.59
2010-11-16,64.28,65.00,63.83,64.04,8021500,57.68
2010-11-15,64.86,64.97,64.36,64.42,5533000,58.02
2010-11-12,64.63,64.90,64.37,64.64,4914000,58.22
2010-11-11,64.98,65.22,64.70,64.90,4743500,58.45
2010-11-10,65.04,65.39,64.62,65.25,7065800,58.77
2010-11-09,65.33,65.42,64.80,65.30,6301300,58.81
2010-11-08,65.00,65.31,64.75,65.11,5521500,58.64
2010-11-05,65.26,65.35,64.76,65.08,6940900,58.61
2010-11-04,65.74,65.83,64.50,65.35,9981300,58.86
2010-11-03,65.72,65.75,64.58,65.20,7577100,58.72
2010-11-02,65.77,66.10,65.66,65.80,4670800,59.26
2010-11-01,65.49,65.89,65.14,65.55,5916600,59.04
2010-10-29,65.07,65.30,64.86,65.30,5549400,58.81
2010-10-28,64.37,65.12,64.35,65.01,6436100,58.55
2010-10-27,64.50,64.51,63.78,64.27,7961700,57.88
2010-10-26,64.80,64.99,64.55,64.79,6900800,58.35
2010-10-25,65.18,65.33,64.88,65.05,6580800,58.59
2010-10-22,65.24,65.50,64.85,65.01,5043200,58.55
2010-10-21,65.02,65.47,64.82,65.18,8670700,58.70
2010-10-20,65.70,65.82,64.87,64.97,11569400,58.51
2010-10-19,66.06,66.22,64.95,65.41,8357700,58.91
2010-10-18,66.82,67.02,66.48,66.50,4820100,59.89
2010-10-15,66.89,67.00,66.46,66.68,6272100,60.05
2010-10-14,66.45,66.84,66.45,66.64,6162300,60.02
2010-10-13,66.31,66.80,66.20,66.40,5990500,59.80
2010-10-12,65.29,66.47,65.00,66.08,7807800,59.51
2010-10-11,65.74,65.76,65.30,65.52,5283100,59.01
2010-10-08,66.13,66.15,65.27,65.75,8810500,59.22
2010-10-07,66.60,66.70,65.18,66.10,20029500,59.53
2010-10-06,67.55,68.11,67.40,68.11,7204100,61.34
2010-10-05,67.03,67.82,66.91,67.76,7246100,61.03
2010-10-04,66.99,66.99,66.52,66.87,4890200,60.22
2010-10-01,66.76,67.00,66.28,67.00,5397000,60.34
2010-09-30,66.95,67.31,66.25,66.44,7002300,59.84
2010-09-29,66.54,67.00,66.23,66.75,5553200,60.12
2010-09-28,66.35,66.91,65.81,66.78,5305300,60.14
2010-09-27,66.07,66.76,66.06,66.37,5230300,59.77
2010-09-24,66.10,66.41,65.83,66.13,6366300,59.56
2010-09-23,66.19,66.19,65.66,65.79,5877800,59.25
2010-09-22,66.63,66.90,66.31,66.66,5225800,60.04
2010-09-21,66.91,66.91,65.93,66.46,7455500,59.86
2010-09-20,66.26,66.98,66.05,66.89,5057100,60.24
2010-09-17,66.76,66.90,66.10,66.12,7908400,59.55
2010-09-16,66.40,66.66,66.17,66.61,4174900,59.99
2010-09-15,65.83,66.54,65.76,66.50,4745000,59.89
2010-09-14,66.17,66.36,65.93,65.98,4145400,59.42
2010-09-13,66.45,66.52,65.85,66.25,4469200,59.67
2010-09-10,66.15,66.50,65.86,66.41,4234800,59.81
2010-09-09,65.90,66.21,65.42,66.10,5835800,59.53
2010-09-08,65.44,65.70,65.26,65.43,4318900,58.93
2010-09-07,65.10,66.01,65.10,65.48,5284700,58.97
2010-09-03,65.11,65.71,65.11,65.57,5862600,59.05
2010-09-02,64.97,65.31,64.52,64.97,4158600,58.51
2010-09-01,64.52,65.05,64.52,64.89,6382100,58.44
2010-08-31,63.49,64.34,63.18,64.18,6624800,57.37
2010-08-30,64.09,64.43,63.60,63.60,3697900,56.85
2010-08-27,64.20,64.47,63.38,64.12,5227700,57.32
2010-08-26,64.82,64.82,63.85,64.13,4604900,57.32
2010-08-25,64.37,64.85,64.20,64.57,5322700,57.72
2010-08-24,64.50,65.24,64.21,64.78,5442800,57.91
2010-08-23,65.14,65.40,64.78,64.82,3263900,57.94
2010-08-20,64.30,65.28,64.30,64.80,5655000,57.92
2010-08-19,65.50,65.52,64.26,64.66,4549600,57.80
2010-08-18,65.66,65.84,65.25,65.52,3857900,58.57
2010-08-17,65.68,66.00,65.22,65.55,4357200,58.59
2010-08-16,65.30,65.50,64.80,65.43,3564500,58.49
2010-08-13,65.07,65.71,64.86,65.56,4516700,58.60
2010-08-12,64.91,65.35,64.78,65.18,4924700,58.26
2010-08-11,65.98,66.07,65.45,65.45,5544600,58.50
2010-08-10,66.05,66.83,66.00,66.53,7411000,59.47
2010-08-09,66.00,66.60,65.93,66.42,5492700,59.37
2010-08-06,65.13,65.97,65.13,65.90,5500700,58.91
2010-08-05,65.68,65.87,65.06,65.58,5143100,58.62
2010-08-04,65.72,66.35,65.37,66.17,6663800,59.15
2010-08-03,65.11,65.92,65.00,65.77,5577200,58.79
2010-08-02,65.47,65.47,64.88,65.27,6479700,58.34
2010-07-30,64.45,65.18,64.31,64.91,5337400,58.02
2010-07-29,65.33,65.59,64.71,64.89,5579600,58.00
2010-07-28,65.51,65.69,65.00,65.20,4321400,58.28
2010-07-27,65.30,65.79,64.71,65.69,6032200,58.72
2010-07-26,64.36,65.03,64.19,64.98,4029100,58.08
2010-07-23,64.05,64.75,64.05,64.45,5187700,57.61
2010-07-22,64.46,64.86,64.00,64.21,7032800,57.40
2010-07-21,64.78,64.98,63.67,63.95,8690200,57.16
2010-07-20,61.77,64.87,61.71,64.73,11243100,57.86
2010-07-19,62.39,62.52,62.00,62.05,5969400,55.47
2010-07-16,63.05,63.53,62.24,62.45,9510200,55.82
2010-07-15,63.58,63.71,62.99,63.16,8124100,56.46
2010-07-14,63.23,63.70,63.06,63.56,5687500,56.82
2010-07-13,64.25,64.26,63.35,63.43,7312300,56.70
2010-07-12,63.25,63.75,63.05,63.74,4205300,56.98
2010-07-09,64.03,64.11,63.30,63.50,5020500,56.76
2010-07-08,63.21,64.00,62.91,64.00,6660800,57.21
2010-07-07,61.60,63.08,61.27,62.93,7296200,56.25
2010-07-06,61.74,61.89,60.95,61.64,6950100,55.10
2010-07-02,61.54,62.15,61.38,61.53,5987800,55.00
2010-07-01,61.13,61.66,60.32,61.52,10852500,54.99
2010-06-30,61.28,61.73,60.50,60.95,8760700,54.48
2010-06-29,61.46,61.77,60.89,61.23,9054500,54.73
2010-06-28,61.12,62.17,61.00,61.96,8532400,55.38
2010-06-25,62.49,62.49,60.77,60.77,22934200,54.32
2010-06-24,62.37,62.99,62.25,62.40,6185400,55.78
2010-06-23,63.22,63.22,62.31,62.73,6509700,56.07
2010-06-22,64.03,64.25,63.18,63.30,5978900,56.58
2010-06-21,64.54,64.79,63.74,64.02,5158800,57.23
2010-06-18,64.61,64.67,64.03,64.08,8947600,57.28
2010-06-17,63.96,64.56,63.75,64.49,5179300,57.65
2010-06-16,63.79,64.05,63.56,63.91,5960000,57.13
2010-06-15,63.88,64.29,63.84,64.24,6249100,57.42
2010-06-14,63.90,64.23,63.24,63.85,4941800,57.07
2010-06-11,63.50,63.56,62.94,63.56,5466100,56.82
2010-06-10,63.03,63.90,63.03,63.84,6567800,57.07
2010-06-09,62.86,63.07,62.33,62.49,7056300,55.86
2010-06-08,61.44,62.80,61.40,62.65,7538300,56.00
2010-06-07,61.37,62.56,61.29,61.73,7694100,55.18
2010-06-04,62.46,62.46,61.29,61.44,10309800,54.92
2010-06-03,63.50,63.65,63.00,63.37,6448400,56.65
2010-06-02,62.60,63.46,61.83,63.46,10023900,56.73
2010-06-01,62.66,63.59,61.90,62.76,7180000,55.67
2010-05-28,62.92,63.46,62.73,62.89,7546700,55.79
2010-05-27,61.97,62.93,61.52,62.90,9428400,55.80
2010-05-26,63.06,63.06,61.04,61.23,15152900,54.31
2010-05-25,61.93,62.92,61.65,62.89,9156900,55.79
2010-05-24,63.09,64.01,62.60,63.32,6334000,56.17
2010-05-21,63.21,63.64,62.14,63.58,14586400,56.40
2010-05-20,65.23,65.23,63.86,63.86,11587400,56.65
2010-05-19,66.30,66.38,65.50,66.04,7867800,58.58
2010-05-18,66.92,67.30,66.40,66.53,7237500,59.02
2010-05-17,66.11,66.96,66.07,66.75,6943800,59.21
2010-05-14,66.41,66.60,65.77,66.07,9731800,58.61
2010-05-13,67.02,67.08,66.46,66.48,7800500,58.97
2010-05-12,67.24,67.61,66.81,66.94,13170400,59.38
2010-05-11,66.16,67.00,66.02,66.55,7240800,59.03
2010-05-10,65.80,66.49,65.66,66.41,10833800,58.91
2010-05-07,64.46,65.04,63.66,64.57,13221500,57.28
2010-05-06,65.16,66.20,61.91,64.70,14046200,57.39
2010-05-05,65.10,65.95,65.02,65.20,7658800,57.84
2010-05-04,65.30,65.98,65.05,65.43,8383100,58.04
2010-05-03,65.28,66.00,64.89,65.69,5807900,58.27
2010-04-30,65.33,65.98,65.18,65.22,8274200,57.85
2010-04-29,64.95,65.50,64.83,65.20,7714000,57.84
2010-04-28,64.28,64.82,63.60,64.75,10229300,57.44
2010-04-27,64.93,65.20,64.07,64.23,8615300,56.97
2010-04-26,64.84,65.44,64.61,65.02,8096900,57.68
2010-04-23,64.85,64.85,64.17,64.71,9008900,57.40
2010-04-22,65.75,65.79,64.50,64.76,9689700,57.45
2010-04-21,65.82,66.31,65.61,65.98,6534300,58.53
2010-04-20,66.17,66.40,65.72,65.90,6780900,58.46
2010-04-19,66.08,66.39,65.70,66.12,6354600,58.65
2010-04-16,66.01,66.65,65.96,66.14,7374400,58.67
2010-04-15,65.97,66.50,65.80,66.27,5968500,58.78
2010-04-14,66.20,66.30,65.83,66.29,5202300,58.80
2010-04-13,66.16,66.50,66.02,66.39,5190800,58.89
2010-04-12,66.35,66.67,66.26,66.32,5074000,58.83
2010-04-09,65.93,66.43,65.86,66.36,4757700,58.86
2010-04-08,65.75,66.19,65.62,65.97,6646300,58.52
2010-04-07,66.39,66.52,65.75,65.99,8204200,58.54
2010-04-06,65.79,66.63,65.79,66.39,6734700,58.89
2010-04-05,66.68,66.68,65.83,65.98,6732600,58.53
2010-04-01,66.32,66.68,66.25,66.68,5074100,59.15
2010-03-31,66.68,66.71,66.06,66.16,8123900,58.69
2010-03-30,66.52,67.00,66.36,66.77,5733800,59.23
2010-03-29,66.61,66.87,66.30,66.55,6825600,59.03
2010-03-26,66.64,66.81,66.34,66.59,5313400,59.07
2010-03-25,66.37,67.00,66.35,66.55,6246600,59.03
2010-03-24,66.62,67.00,66.25,66.26,7661200,58.78
2010-03-23,66.39,67.00,66.24,66.86,6412800,59.31
2010-03-22,66.43,66.56,66.15,66.31,6763000,58.82
2010-03-19,66.56,66.98,66.26,66.56,10947400,59.04
2010-03-18,66.57,66.73,66.16,66.52,6961900,59.01
2010-03-17,66.15,66.58,66.02,66.57,6922300,59.05
2010-03-16,66.25,66.30,65.83,66.07,7474500,58.61
2010-03-15,65.69,66.26,65.40,66.15,10468000,58.68
2010-03-12,64.92,65.25,64.68,65.10,6896400,57.75
2010-03-11,64.20,65.00,63.90,64.97,7536900,57.63
2010-03-10,64.30,64.59,64.01,64.43,6450000,57.15
2010-03-09,63.88,64.65,63.80,64.36,7655400,57.09
2010-03-08,64.27,64.46,63.80,64.15,5086300,56.90
2010-03-05,64.30,64.48,63.91,64.37,8448600,57.10
2010-03-04,64.43,64.50,63.96,64.11,7830600,56.87
2010-03-03,63.82,64.27,63.80,63.98,8486300,56.75
2010-03-02,63.61,64.00,63.42,63.80,9527200,56.19
2010-03-01,62.65,63.58,62.47,63.43,9016500,55.87
2010-02-26,62.50,62.59,61.91,62.47,14785800,55.02
2010-02-25,61.51,62.34,61.02,62.30,8074100,54.87
2010-02-24,61.98,62.16,61.58,62.08,6888100,54.68
2010-02-23,62.22,62.48,61.70,61.78,5159400,54.42
2010-02-22,62.69,62.87,62.10,62.41,4709500,54.97
2010-02-19,62.32,62.92,61.98,62.66,6416500,55.19
2010-02-18,61.97,62.72,61.97,62.53,6942900,55.08
2010-02-17,61.48,62.20,61.25,62.11,6703500,54.71
2010-02-16,61.03,61.45,60.50,61.31,6930800,54.00
2010-02-12,61.06,61.22,60.49,60.92,8566800,53.66
2010-02-11,60.87,61.70,60.50,61.19,14391100,53.90
2010-02-10,59.96,60.67,59.51,60.38,10917200,53.18
2010-02-09,59.29,60.48,59.29,60.05,7940200,52.89
2010-02-08,59.60,59.66,58.75,58.96,7047700,51.93
2010-02-05,59.51,59.79,58.95,59.51,7347800,52.42
2010-02-04,60.83,60.93,59.62,59.64,6920300,52.53
2010-02-03,60.92,61.40,60.56,61.29,4863000,53.98
2010-02-02,60.68,61.28,60.34,61.15,6296700,53.86
2010-02-01,59.93,60.75,59.52,60.70,7303200,53.46
2010-01-29,59.84,60.36,59.12,59.62,8127200,52.51
2010-01-28,60.30,60.50,59.50,59.74,9285900,52.62
2010-01-27,60.05,60.39,59.60,60.29,6145900,53.10
2010-01-26,60.10,60.53,59.82,60.25,5001700,53.07
2010-01-25,60.70,60.70,60.08,60.23,4903800,53.05
2010-01-22,60.75,61.24,60.31,60.39,7229000,53.19
2010-01-21,62.01,62.16,60.74,60.94,7121500,53.68
2010-01-20,62.09,62.15,61.44,61.95,5606000,54.56
2010-01-19,62.23,62.41,61.97,62.33,5615800,54.90
2010-01-15,62.61,62.91,61.82,62.29,8361200,54.86
2010-01-14,62.02,62.92,61.76,62.80,7211600,55.31
2010-01-13,61.41,62.34,61.41,62.05,7380100,54.65
2010-01-12,60.52,61.68,60.50,61.55,9081800,54.21
2010-01-11,60.68,60.81,60.10,60.70,6461200,53.46
2010-01-08,60.76,60.82,60.27,60.77,8674700,53.53
2010-01-07,61.35,61.38,60.53,60.97,10792000,53.70
2010-01-06,61.99,62.47,61.23,61.36,9998000,54.05
2010-01-05,61.00,62.10,60.90,61.98,8886000,54.59
2010-01-04,61.19,61.52,60.64,61.24,6585900,53.94
2009-12-31,61.25,61.44,60.76,60.80,3316300,53.55
2009-12-30,61.00,61.45,60.87,61.31,3779400,54.00
2009-12-29,61.29,61.59,61.10,61.10,3787000,53.82
2009-12-28,61.19,61.25,60.87,61.16,4364200,53.87
2009-12-24,60.66,60.96,60.40,60.96,1502900,53.69
2009-12-23,60.87,60.87,60.25,60.68,3829000,53.45
2009-12-22,60.57,60.79,60.25,60.63,6026000,53.40
2009-12-21,59.72,60.73,59.60,60.48,7973000,53.27
2009-12-18,59.92,59.92,58.77,59.48,18604200,52.39
2009-12-17,60.64,60.64,60.04,60.04,8336100,52.88
2009-12-16,61.18,61.69,60.62,60.68,8127400,53.45
2009-12-15,61.01,61.39,60.40,60.99,7656600,53.72
2009-12-14,61.70,61.77,60.86,60.98,7437800,53.71
2009-12-11,61.85,62.38,61.18,61.27,8249600,53.97
2009-12-10,62.15,62.63,61.67,61.84,8512500,54.47
2009-12-09,62.08,62.39,60.76,61.80,20222300,54.43
2009-12-08,64.09,64.09,63.15,63.48,6161600,55.91
2009-12-07,63.70,64.48,63.56,64.23,6259700,56.57
2009-12-04,63.18,64.00,63.08,63.85,8907000,56.24
2009-12-03,63.58,63.59,62.67,62.76,6406200,55.28
2009-12-02,63.50,63.74,63.17,63.65,6195800,56.06
2009-12-01,62.68,63.93,62.49,63.87,6887700,55.86
2009-11-30,62.64,62.83,62.15,62.22,7252700,54.42
2009-11-27,62.24,62.55,61.75,62.30,3416000,54.49
2009-11-25,62.53,63.27,62.49,63.19,4672600,55.26
2009-11-24,62.62,62.65,62.13,62.50,4139700,54.66
2009-11-23,62.46,62.99,62.26,62.49,5009400,54.65
2009-11-20,61.67,62.31,61.43,62.08,5314600,54.29
2009-11-19,62.10,62.10,61.35,61.88,4390400,54.12
2009-11-18,62.44,62.51,61.81,62.30,3952300,54.49
2009-11-17,62.42,62.63,62.03,62.60,4362400,54.75
2009-11-16,62.21,62.49,61.94,62.43,4966800,54.60
2009-11-13,61.63,62.13,61.35,61.94,6411100,54.17
2009-11-12,62.49,62.75,61.10,61.27,8474900,53.59
2009-11-11,62.34,62.68,62.08,62.60,4714300,54.75
2009-11-10,62.17,62.94,61.93,62.08,7094100,54.29
2009-11-09,61.81,62.32,61.43,62.28,6921800,54.47
2009-11-06,60.99,61.76,60.79,61.76,4831000,54.01
2009-11-05,60.44,61.41,60.42,61.23,5578500,53.55
2009-11-04,60.16,60.96,59.79,60.38,5552100,52.81
2009-11-03,60.29,60.39,59.62,60.06,5797000,52.53
2009-11-02,60.79,61.07,60.16,60.60,6618800,53.00
2009-10-30,61.35,61.64,60.37,60.55,7794100,52.96
2009-10-29,61.01,61.46,60.57,61.39,5245300,53.69
2009-10-28,60.88,61.52,60.75,60.99,6321900,53.34
2009-10-27,60.64,61.35,60.10,61.00,7262900,53.35
2009-10-26,61.14,61.50,60.21,60.47,5113000,52.89
2009-10-23,61.41,61.67,60.58,61.03,6505200,53.38
2009-10-22,61.90,61.90,60.87,61.50,5428100,53.79
2009-10-21,61.38,62.34,61.23,61.84,7445000,54.08
2009-10-20,62.00,62.05,61.12,61.58,8068000,53.86
2009-10-19,62.28,62.57,61.90,62.05,5557300,54.27
2009-10-16,62.47,62.68,62.11,62.29,6588400,54.48
2009-10-15,61.57,62.75,61.39,62.68,10518600,54.82
2009-10-14,60.94,61.68,60.70,61.62,8462200,53.89
2009-10-13,60.88,61.00,60.52,60.60,7502000,53.00
2009-10-12,60.43,61.36,60.25,60.92,6178100,53.28
2009-10-09,60.38,60.70,59.81,60.59,6360200,52.99
2009-10-08,61.24,61.24,59.80,60.39,17263400,52.82
2009-10-07,60.85,61.38,60.45,61.17,6441900,53.50
2009-10-06,61.05,61.27,60.42,60.87,8128900,53.24
2009-10-05,60.83,61.24,60.14,60.85,7892000,53.22
2009-10-02,59.12,61.24,58.93,60.90,17530200,53.26
2009-10-01,58.70,58.99,58.27,58.46,9010200,51.13
2009-09-30,58.74,58.86,58.01,58.66,8898400,51.30
2009-09-29,59.10,59.31,58.00,58.51,7086400,51.17
2009-09-28,58.95,59.49,58.62,59.03,4085900,51.63
2009-09-25,58.50,59.13,58.32,58.68,6758800,51.32
2009-09-24,58.57,58.82,58.24,58.54,6157700,51.20
2009-09-23,58.69,59.08,58.34,58.47,6122400,51.14
2009-09-22,59.10,59.20,58.30,58.58,6801900,51.23
2009-09-21,59.52,59.66,58.81,59.02,7785600,51.62
2009-09-18,59.04,60.00,58.96,59.86,14645500,52.35
2009-09-17,58.35,58.99,58.22,58.80,7034500,51.43
2009-09-16,58.34,58.47,57.67,58.34,5747600,51.02
2009-09-15,58.74,58.74,57.91,58.29,6339500,50.98
2009-09-14,58.49,58.89,58.21,58.70,5949000,51.34
2009-09-11,58.05,58.92,57.74,58.81,8195300,51.43
2009-09-10,57.92,58.05,57.54,57.86,7601400,50.60
2009-09-09,58.34,58.34,57.86,58.04,10094900,50.76
2009-09-08,57.66,58.34,57.33,58.28,13031000,50.97
2009-09-04,56.45,57.70,56.33,57.54,8841700,50.32
2009-09-03,56.54,56.80,56.00,56.64,7820200,49.54
2009-09-02,55.99,56.62,55.69,56.35,8902900,49.28
2009-09-01,56.60,57.30,55.93,56.25,7964700,48.80
2009-08-31,56.56,56.98,56.38,56.67,5522400,49.17
2009-08-28,57.96,58.00,56.61,56.76,6603800,49.24
2009-08-27,57.59,58.10,57.50,57.76,5854300,50.11
2009-08-26,57.35,58.19,57.13,57.88,7396800,50.22
2009-08-25,57.35,57.80,57.07,57.29,5822700,49.70
2009-08-24,57.69,57.78,57.06,57.45,5690000,49.84
2009-08-21,57.07,57.73,56.80,57.49,8890100,49.88
2009-08-20,56.30,57.16,56.20,56.84,6064000,49.31
2009-08-19,56.22,56.71,56.00,56.45,5845000,48.98
2009-08-18,56.22,56.76,55.92,56.24,9730700,48.79
2009-08-17,56.40,56.78,55.86,56.18,5760100,48.74
2009-08-14,56.50,57.06,56.08,56.56,6395100,49.07
2009-08-13,56.85,56.91,56.03,56.49,7187200,49.01
2009-08-12,56.78,57.55,56.34,56.68,6911300,49.17
2009-08-11,57.17,57.55,56.89,56.91,6785300,49.37
2009-08-10,57.79,57.79,56.94,57.41,8127700,49.81
2009-08-07,58.10,58.21,57.55,57.74,6869400,50.09
2009-08-06,58.61,58.81,57.69,57.83,7550400,50.17
2009-08-05,59.18,59.50,58.29,58.39,10093500,50.66
2009-08-04,58.02,59.64,57.50,59.06,27850100,51.24
2009-08-03,56.98,56.98,55.96,56.20,6493600,48.76
2009-07-31,56.65,57.29,56.48,56.75,6003000,49.24
2009-07-30,56.73,57.63,56.54,56.60,6718600,49.11
2009-07-29,55.77,56.40,55.75,56.33,5395800,48.87
2009-07-28,56.05,56.66,55.70,55.97,7151400,48.56
2009-07-27,56.30,56.72,55.97,56.34,5825000,48.88
2009-07-24,56.57,56.76,55.72,56.41,6741600,48.94
2009-07-23,56.01,56.84,55.62,56.50,8862400,49.02
2009-07-22,56.22,56.40,55.37,55.89,7498900,48.49
2009-07-21,56.49,56.69,55.45,56.40,6075100,48.93
2009-07-20,56.85,56.89,55.36,56.08,7828900,48.65
2009-07-17,56.93,57.26,56.46,56.66,6188100,49.16
2009-07-16,57.00,57.70,56.83,57.26,6302300,49.68
2009-07-15,56.54,57.31,56.30,57.28,7676100,49.70
2009-07-14,55.63,56.12,55.38,56.09,4569900,48.66
2009-07-13,54.75,55.86,54.62,55.67,8829400,48.30
2009-07-10,54.36,54.88,54.30,54.71,5945700,47.47
2009-07-09,55.11,55.34,54.40,54.68,7263600,47.44
2009-07-08,56.09,56.13,54.52,54.85,12094700,47.59
2009-07-07,57.07,57.46,55.92,56.00,11953500,48.58
2009-07-06,56.27,57.17,56.08,57.13,8886600,49.57
2009-07-02,56.03,56.82,55.77,56.35,8161900,48.89
2009-07-01,55.12,56.69,55.12,56.52,9715200,49.04
2009-06-30,54.94,55.45,54.72,54.96,8815400,47.68
2009-06-29,55.33,55.50,54.61,54.84,6368100,47.58
2009-06-26,53.72,54.90,53.50,54.70,8836600,47.46
2009-06-25,52.89,54.38,52.56,53.99,8050400,46.84
2009-06-24,53.33,53.83,52.70,53.05,4730800,46.03
2009-06-23,53.75,53.84,52.80,53.01,6528600,45.99
2009-06-22,53.64,53.89,53.18,53.49,5314100,46.41
2009-06-19,54.74,55.05,53.69,53.91,9530500,46.77
2009-06-18,53.13,54.73,52.88,54.49,7047100,47.27
2009-06-17,52.31,53.83,52.11,52.97,9395200,45.96
2009-06-16,53.06,53.30,52.20,52.34,6477900,45.41
2009-06-15,53.45,53.54,52.78,52.88,6089700,45.88
2009-06-12,52.85,53.85,52.60,53.65,5958400,46.55
2009-06-11,53.19,53.98,52.93,52.97,8817200,45.96
2009-06-10,53.73,54.11,52.99,53.36,6291700,46.29
2009-06-09,54.21,54.34,53.21,53.48,8065100,46.40
2009-06-08,54.68,54.99,53.55,54.15,6846900,46.98
2009-06-05,55.37,55.49,54.50,54.88,10394100,47.61
2009-06-04,54.27,54.90,53.80,54.82,12602700,47.56
2009-06-03,54.90,54.90,53.89,54.27,11515700,47.08
2009-06-02,53.47,55.73,53.15,55.37,13707800,47.65
2009-06-01,52.27,53.39,52.25,53.13,8262500,45.72
2009-05-29,51.06,52.14,50.85,52.05,9341500,44.79
2009-05-28,50.25,51.30,50.16,51.02,7960400,43.90
2009-05-27,51.38,51.50,49.82,50.01,8811400,43.04
2009-05-26,51.01,51.69,50.91,51.28,8835100,44.13
2009-05-22,51.58,51.95,51.20,51.57,4565800,44.38
2009-05-21,51.64,51.87,50.99,51.49,6096200,44.31
2009-05-20,51.87,52.50,51.54,52.06,8536000,44.80
2009-05-19,51.29,52.10,51.10,51.61,7584800,44.41
2009-05-18,50.62,51.23,50.35,51.17,6461700,44.03
2009-05-15,50.53,50.82,50.03,50.32,8205900,43.30
2009-05-14,49.70,51.16,49.51,50.87,10200100,43.78
2009-05-13,49.20,49.88,49.14,49.66,11299700,42.73
2009-05-12,49.72,49.80,48.82,49.27,15410500,42.40
2009-05-11,49.55,50.04,49.28,49.58,8192800,42.67
2009-05-08,49.88,49.94,49.09,49.75,10686200,42.81
2009-05-07,49.86,50.06,49.24,49.49,13254900,42.59
2009-05-06,50.30,50.30,49.19,49.72,7561900,42.79
2009-05-05,49.13,49.95,49.12,49.73,11609800,42.79
2009-05-04,50.17,50.17,48.87,49.10,13087000,42.25
2009-05-01,49.76,49.89,48.83,49.79,7617400,42.85
2009-04-30,50.91,51.00,49.52,49.76,10978300,42.82
2009-04-29,50.16,51.22,50.16,50.45,15118800,43.41
2009-04-28,48.71,50.27,48.71,50.04,11569100,43.06
2009-04-27,48.28,49.50,48.17,49.11,9540400,42.26
2009-04-24,48.31,48.92,47.93,48.52,11306900,41.75
2009-04-23,48.40,48.46,47.50,47.89,12256700,41.21
2009-04-22,49.86,50.20,47.88,47.98,20499500,41.29
2009-04-21,50.17,50.55,48.50,49.35,13960700,42.47
2009-04-20,51.32,51.59,49.52,49.86,18459600,42.91
2009-04-17,52.00,52.47,51.70,52.13,8820400,44.86
2009-04-16,52.24,52.24,51.16,51.96,6115800,44.71
2009-04-15,50.24,52.10,50.24,52.04,6727800,44.78
2009-04-14,51.14,51.34,50.28,50.56,7731600,43.51
2009-04-13,52.02,56.95,51.29,51.49,5863200,44.31
2009-04-09,52.35,53.09,51.86,52.10,7165400,44.83
2009-04-08,52.26,52.53,51.85,52.28,4920600,44.99
2009-04-07,52.56,52.64,52.03,52.25,5547000,44.96
2009-04-06,52.54,53.04,52.25,52.67,4506700,45.32
2009-04-03,53.00,53.37,52.25,52.69,5591400,45.34
2009-04-02,52.93,53.53,52.51,52.86,7436500,45.49
2009-04-01,51.01,52.43,51.00,52.22,7010900,44.94
2009-03-31,52.26,52.50,51.48,51.48,9179900,44.30
2009-03-30,52.06,52.62,51.28,51.79,7584800,44.57
2009-03-27,52.64,53.10,52.12,52.39,5875700,45.08
2009-03-26,52.97,53.20,52.00,53.16,7122900,45.75
2009-03-25,52.21,52.79,51.67,52.47,8705500,45.15
2009-03-24,51.17,51.96,51.12,51.53,5903300,44.34
2009-03-23,50.33,51.63,50.23,51.63,7535800,44.43
2009-03-20,49.24,50.41,49.24,50.02,13268800,43.04
2009-03-19,49.87,49.89,48.70,48.99,10284100,42.16
2009-03-18,48.21,49.91,48.21,49.47,9202800,42.57
2009-03-17,48.72,49.27,48.02,49.25,6697400,42.38
2009-03-16,48.91,49.78,48.66,48.73,7482300,41.93
2009-03-13,48.58,48.81,47.93,48.62,7977300,41.84
2009-03-12,47.28,48.41,47.07,48.29,8257800,41.56
2009-03-11,46.69,47.64,46.56,47.42,8048400,40.81
2009-03-10,46.10,46.67,45.85,46.60,9347300,40.10
2009-03-09,46.60,47.18,45.63,45.81,7985900,39.42
2009-03-06,46.07,47.25,45.98,47.10,10849400,40.53
2009-03-05,46.98,47.11,45.39,45.97,11778600,39.56
2009-03-04,48.75,48.94,47.00,47.60,10631500,40.96
2009-03-03,47.75,49.05,47.28,48.47,14962400,41.34
2009-03-02,47.31,47.94,46.76,46.85,8637300,39.96
2009-02-27,49.15,49.63,48.14,48.14,9237600,41.06
2009-02-26,51.13,51.36,49.33,49.42,7448800,42.15
2009-02-25,51.52,51.85,50.52,50.72,7180000,43.26
2009-02-24,50.88,51.83,50.11,51.68,8221100,44.08
2009-02-23,51.46,51.85,50.03,50.16,6899600,42.79
2009-02-20,51.53,52.05,50.97,51.45,9897500,43.89
2009-02-19,51.27,52.55,51.00,52.20,6862800,44.53
2009-02-18,52.27,52.27,51.13,51.53,6145400,43.95
2009-02-17,51.45,52.11,50.50,51.82,12454400,44.20
2009-02-13,52.07,53.46,51.08,52.57,11981300,44.84
2009-02-12,50.51,52.17,50.00,52.00,10423700,44.36
2009-02-11,50.14,50.92,49.58,50.61,5917500,43.17
2009-02-10,50.92,51.43,49.22,49.53,10779800,42.25
2009-02-09,53.26,53.26,50.78,51.43,9006100,43.87
2009-02-06,52.28,53.64,52.15,53.53,6908800,45.66
2009-02-05,50.86,52.67,50.59,52.35,9224600,44.65
2009-02-04,51.54,52.22,51.00,51.49,6898600,43.92
2009-02-03,50.52,51.74,49.77,51.52,5319100,43.95
2009-02-02,49.76,50.40,49.04,50.13,5659900,42.76
2009-01-30,51.50,51.88,49.98,50.23,7582400,42.85
2009-01-29,51.85,52.40,51.42,51.68,5372400,44.08
2009-01-28,51.85,52.25,51.36,52.04,5803800,44.39
2009-01-27,51.56,52.28,51.39,51.64,6763800,44.05
2009-01-26,50.79,51.60,50.00,51.42,7619600,43.86
2009-01-23,49.40,50.73,49.10,50.62,7818700,43.18
2009-01-22,49.82,50.56,49.24,50.35,8916100,42.95
2009-01-21,51.05,51.05,49.62,50.44,8982200,43.02
2009-01-20,51.58,52.09,50.33,50.43,8057700,43.02
2009-01-16,50.81,51.69,50.76,51.37,8964200,43.82
2009-01-15,51.05,51.10,43.78,50.53,8860900,43.10
2009-01-14,51.90,51.92,50.33,51.10,8619000,43.59
2009-01-13,51.39,52.46,51.20,52.23,9295800,44.55
2009-01-12,52.66,52.66,51.07,51.39,9240700,43.84
2009-01-09,53.47,53.80,52.40,52.57,6910700,44.84
2009-01-08,53.80,54.07,52.80,53.25,8210400,45.42
2009-01-07,55.34,55.34,53.68,53.89,7364600,45.97
2009-01-06,55.93,56.93,55.00,55.70,8081600,47.51
2009-01-05,55.82,55.90,55.10,55.60,7122000,47.43
2009-01-02,54.93,56.14,54.72,55.97,5182400,47.74
2008-12-31,55.03,55.57,54.61,54.77,5024400,46.72
2008-12-30,54.11,55.02,54.09,54.88,5010600,46.81
2008-12-29,54.81,55.07,53.42,54.07,4708600,46.12
2008-12-26,54.69,55.12,54.27,54.56,2855000,46.54
2008-12-24,54.25,54.84,54.07,54.54,2051200,46.52
2008-12-23,53.77,55.24,53.66,54.17,6249900,46.21
2008-12-22,54.28,54.85,52.96,53.75,5738700,45.85
2008-12-19,54.84,55.49,53.83,54.09,11422100,46.14
2008-12-18,54.62,55.38,54.38,54.71,10270600,46.67
2008-12-17,53.77,54.91,53.26,54.33,8002500,46.34
2008-12-16,52.91,54.42,52.51,54.21,9408900,46.24
2008-12-15,52.41,52.87,51.12,52.42,6148700,44.71
2008-12-12,51.55,52.34,51.01,52.03,6984400,44.38
2008-12-11,53.00,54.00,52.43,52.71,5699500,44.96
2008-12-10,52.62,53.47,52.27,53.01,5651200,45.22
2008-12-09,53.42,53.63,51.96,52.27,7472100,44.59
2008-12-08,54.39,54.50,52.86,53.60,9974200,45.72
2008-12-05,52.41,54.51,51.37,53.37,9936200,45.52
2008-12-04,53.66,54.51,51.82,52.33,7775200,44.64
2008-12-03,53.49,54.23,52.48,54.08,10379100,46.13
2008-12-02,54.51,54.84,53.11,54.45,7039200,46.08
2008-12-01,55.56,56.40,53.54,53.64,7918200,45.40
2008-11-28,55.18,56.81,55.01,56.70,3526300,47.99
2008-11-26,53.88,55.03,52.53,54.93,8115500,46.49
2008-11-25,55.71,56.86,52.64,54.00,11302400,45.70
2008-11-24,54.90,55.99,52.92,55.66,14416500,47.11
2008-11-21,51.24,54.78,49.74,54.59,17891200,46.20
2008-11-20,51.59,53.95,50.00,50.29,13542800,42.56
2008-11-19,52.81,54.40,51.80,52.10,11360000,44.09
2008-11-18,52.02,53.88,51.11,53.14,13268800,44.97
2008-11-17,53.47,54.79,52.60,52.97,8527600,44.83
2008-11-14,54.78,56.13,52.11,53.52,9990700,45.30
2008-11-13,53.28,55.69,52.01,55.59,10991600,47.05
2008-11-12,54.12,55.06,52.92,53.10,7447800,44.94
2008-11-11,54.61,56.12,53.47,55.08,7532200,46.62
2008-11-10,56.38,56.39,53.75,54.61,7633300,46.22
2008-11-07,55.30,56.17,54.24,55.36,9906900,46.85
2008-11-06,56.42,57.40,54.10,54.85,10154600,46.42
2008-11-05,58.53,59.05,56.65,57.01,8610400,48.25
2008-11-04,58.49,59.23,57.74,58.34,6680000,49.38
2008-11-03,56.97,57.86,56.50,57.47,5567000,48.64
2008-10-31,57.00,57.99,56.25,57.01,9416200,48.25
2008-10-30,56.22,57.68,55.82,57.08,10030900,48.31
2008-10-29,55.86,57.48,54.22,55.00,9255900,46.55
2008-10-28,52.65,56.50,52.16,55.83,12930100,47.25
2008-10-27,52.18,53.77,50.72,51.49,9168600,43.58
2008-10-24,50.51,53.01,50.41,51.76,10365200,43.81
2008-10-23,53.73,54.62,51.06,53.48,11878400,45.26
2008-10-22,53.99,54.86,52.39,53.64,9405500,45.40
2008-10-21,55.99,56.63,54.70,55.00,9079800,46.55
2008-10-20,54.54,56.76,53.85,56.76,13080400,48.04
2008-10-17,51.87,55.48,51.75,53.88,14242400,45.60
2008-10-16,51.39,53.25,50.66,53.08,19697100,44.92
2008-10-15,54.15,54.72,50.65,51.25,22994100,43.37
2008-10-14,56.28,58.70,53.26,54.40,34963700,46.04
2008-10-13,59.33,62.24,58.55,61.77,13334500,52.28
2008-10-10,57.68,62.78,53.21,57.80,21549700,48.92
2008-10-09,63.76,64.45,59.51,59.52,15361400,50.37
2008-10-08,64.35,65.78,62.77,63.61,12963300,53.84
2008-10-07,67.25,67.85,64.69,65.12,12900400,55.11
2008-10-06,67.62,69.27,64.75,66.64,15854700,56.40
2008-10-03,71.57,71.60,68.66,69.00,10360800,58.40
2008-10-02,71.18,72.24,70.77,70.91,10862600,60.01
2008-10-01,70.66,72.17,70.66,71.64,7986600,60.63
2008-09-30,69.88,71.69,69.88,71.27,10903100,60.32
2008-09-29,70.83,72.28,68.81,69.66,11650400,58.96
2008-09-26,70.30,72.13,70.30,71.71,6489500,60.69
2008-09-25,70.41,71.99,70.29,71.30,6851600,60.34
2008-09-24,70.36,71.12,69.51,70.10,9390100,59.33
2008-09-23,71.14,72.33,70.57,70.75,7294600,59.88
2008-09-22,72.92,73.19,70.81,71.08,7445600,60.16
2008-09-19,73.63,75.25,72.32,73.19,14671500,61.94
2008-09-18,71.98,74.27,71.53,73.23,13124400,61.98
2008-09-17,72.63,73.50,71.53,71.68,13533800,60.67
2008-09-16,71.41,73.20,71.41,72.98,11410800,61.77
2008-09-15,72.08,73.56,72.08,72.35,9174500,61.23
2008-09-12,72.22,73.20,72.06,73.15,6930500,61.91
2008-09-11,71.53,72.69,71.03,72.62,8129000,61.46
2008-09-10,71.26,71.99,70.42,71.83,10297000,60.79
2008-09-09,69.97,71.38,69.97,71.00,11337400,60.09
2008-09-08,69.22,70.53,69.22,70.34,6948600,59.53
2008-09-05,68.14,69.15,68.14,68.92,6165000,58.33
2008-09-04,68.99,69.83,68.30,68.39,5859800,57.88
2008-09-03,68.95,69.30,68.48,69.19,5213300,58.56
2008-09-02,68.89,70.55,68.86,69.46,6397600,58.43
2008-08-29,69.18,69.48,68.43,68.48,4206100,57.60
2008-08-28,69.37,69.46,68.88,69.19,3326100,58.20
2008-08-27,68.58,69.21,68.26,69.20,2960100,58.21
2008-08-26,69.15,69.31,68.46,68.70,4386200,57.79
2008-08-25,69.60,69.90,68.75,69.05,3999000,58.08
2008-08-22,69.56,70.20,69.39,69.90,3392300,58.80
2008-08-21,69.51,69.66,68.65,69.39,5647400,58.37
2008-08-20,70.37,70.37,69.40,69.85,4082700,58.75
2008-08-19,69.40,70.49,69.23,70.10,6164700,58.96
2008-08-18,70.46,70.65,69.55,69.81,4405300,58.72
2008-08-15,70.20,70.43,69.77,70.20,5637500,59.05
2008-08-14,69.77,70.83,69.13,69.94,5605200,58.83
2008-08-13,69.35,70.13,69.21,69.74,6085800,58.66
2008-08-12,69.40,69.85,68.95,69.62,5342300,58.56
2008-08-11,69.35,69.48,68.76,69.27,6004500,58.27
2008-08-08,67.94,69.46,67.85,69.35,8564700,58.33
2008-08-07,68.45,68.50,67.80,67.95,5769500,57.16
2008-08-06,68.46,68.54,67.96,68.54,5151400,57.65
2008-08-05,67.98,68.79,67.57,68.52,12080000,57.64
2008-08-04,66.71,67.95,66.63,67.67,9717000,56.92
2008-08-01,66.82,67.40,66.36,66.63,7640100,56.05
2008-07-31,66.80,67.43,66.42,66.56,7317600,55.99
2008-07-30,67.25,67.63,66.57,66.91,7876800,56.28
2008-07-29,66.75,67.25,66.54,66.98,8205700,56.34
2008-07-28,67.21,67.30,66.29,66.71,4495300,56.11
2008-07-25,67.75,67.94,66.73,67.22,9276000,56.54
2008-07-24,67.85,68.02,66.94,67.40,5342500,56.69
2008-07-23,66.49,67.86,65.51,67.72,9255900,56.96
2008-07-22,64.62,66.36,64.12,66.19,8881400,55.68
2008-07-21,65.80,65.80,64.26,64.45,5265100,54.21
2008-07-18,65.45,65.74,64.81,65.41,7075900,55.02
2008-07-17,66.49,66.49,64.35,65.53,10344500,55.12
2008-07-16,65.77,66.13,65.05,66.09,5708600,55.59
2008-07-15,64.36,65.85,64.13,65.57,8423500,55.15
2008-07-14,65.15,65.52,64.31,64.91,6182300,54.60
2008-07-11,65.01,65.35,63.94,64.66,9117700,54.39
2008-07-10,65.50,65.74,64.77,65.59,6384100,55.17
2008-07-09,65.99,66.16,65.09,65.35,6353300,54.97
2008-07-08,66.41,66.80,65.59,65.83,9145000,55.37
2008-07-07,66.72,67.00,66.09,66.62,7867700,56.04
2008-07-03,65.71,66.91,65.71,66.77,5571800,56.16
2008-07-02,64.51,65.99,64.45,65.76,9356000,55.31
2008-07-01,63.28,64.53,63.28,64.40,9900000,54.17
2008-06-30,64.32,64.77,63.40,63.59,9260200,53.49
2008-06-27,64.96,65.37,63.83,63.93,9890300,53.78
2008-06-26,64.68,65.67,64.68,64.77,8014500,54.48
2008-06-25,64.13,65.92,64.13,65.52,8838600,55.11
2008-06-24,64.52,64.78,63.31,64.02,6919200,53.85
2008-06-23,65.23,65.31,64.37,64.63,5723600,54.36
2008-06-20,65.75,66.11,64.91,65.08,10181400,54.74
2008-06-19,65.13,66.23,64.95,65.89,6146200,55.42
2008-06-18,65.80,65.83,65.02,65.06,8905200,54.73
2008-06-17,66.25,66.57,65.54,65.87,7633100,55.41
2008-06-16,67.01,67.76,65.25,66.04,10057000,55.55
2008-06-13,67.96,68.20,66.73,67.54,8322000,56.81
2008-06-12,67.84,68.23,67.30,67.95,6566500,57.16
2008-06-11,67.35,68.05,67.22,67.49,7947600,56.77
2008-06-10,65.29,68.27,65.29,67.58,10358400,56.85
2008-06-09,65.92,65.92,64.69,65.37,9046500,54.99
2008-06-06,66.87,67.04,65.45,65.52,9734200,55.11
2008-06-05,66.93,67.35,66.47,67.29,5918000,56.60
2008-06-04,66.73,67.05,66.42,66.67,5829400,56.08
2008-06-03,67.75,67.75,66.73,67.05,6995200,56.04
2008-06-02,68.11,68.22,67.07,67.55,7186500,56.46
2008-05-30,68.90,68.90,68.03,68.30,5569800,57.09
2008-05-29,67.94,69.04,67.93,68.83,4940100,57.53
2008-05-28,69.00,69.00,67.80,67.93,6476300,56.78
2008-05-27,68.16,69.10,68.05,69.01,6181400,57.68
2008-05-23,68.05,68.38,67.88,68.26,5411500,57.05
2008-05-22,67.50,68.67,67.50,68.38,6295400,57.15
2008-05-21,67.26,68.21,67.16,67.27,6132400,56.23
2008-05-20,67.57,67.96,67.22,67.46,6275400,56.38
2008-05-19,68.08,68.12,67.50,68.03,5414300,56.86
2008-05-16,68.32,68.44,67.76,67.87,7180400,56.73
2008-05-15,67.35,68.34,67.12,68.07,6554900,56.89
2008-05-14,67.75,67.98,67.04,67.10,6229800,56.08
2008-05-13,67.39,67.68,66.85,67.25,5474000,56.21
2008-05-12,67.55,67.71,66.96,67.35,5120000,56.29
2008-05-09,67.76,67.91,66.81,67.51,5910300,56.43
2008-05-08,68.40,68.42,67.24,67.54,6329100,56.45
2008-05-07,68.75,69.12,67.84,68.01,6699700,56.84
2008-05-06,68.41,68.72,67.87,68.57,5332800,57.31
2008-05-05,69.29,69.72,68.32,68.57,5009700,57.31
2008-05-02,69.02,69.82,68.77,69.10,7120600,57.76
2008-05-01,68.46,68.75,68.03,68.50,5720900,57.25
2008-04-30,67.81,69.39,67.81,68.53,6561300,57.28
2008-04-29,68.21,68.50,67.78,68.20,4848400,57.00
2008-04-28,67.55,68.70,67.29,68.16,8480400,56.97
2008-04-25,68.30,68.35,67.21,67.62,8427200,56.52
2008-04-24,68.81,69.59,68.00,68.00,10145400,56.84
2008-04-23,69.10,69.97,68.79,69.19,7170900,57.83
2008-04-22,69.74,69.85,68.63,69.10,7486600,57.76
2008-04-21,70.09,70.77,69.83,69.90,5314300,58.42
2008-04-18,71.55,71.59,69.86,70.60,8110400,59.01
2008-04-17,70.77,71.28,70.37,70.77,4670800,59.15
2008-04-16,71.68,71.68,70.39,71.11,7591500,59.44
2008-04-15,71.25,71.46,70.78,71.22,3739900,59.53
2008-04-14,71.40,71.87,70.92,70.95,4760600,59.30
2008-04-11,71.69,71.83,71.11,71.40,4302000,59.68
2008-04-10,70.84,72.08,70.74,71.70,6035600,59.93
2008-04-09,71.18,71.33,70.62,70.97,4305200,59.32
2008-04-08,71.40,71.69,71.13,71.28,5376700,59.58
2008-04-07,71.91,72.06,71.15,71.86,5689100,60.06
2008-04-04,71.50,72.12,71.30,71.53,4569600,59.79
2008-04-03,71.06,71.90,71.06,71.40,4699100,59.68
2008-04-02,71.70,71.93,71.24,71.42,5123100,59.69
2008-04-01,71.89,72.17,71.04,72.13,6937200,60.29
2008-03-31,71.80,72.35,71.28,72.20,6499000,60.35
2008-03-28,71.40,72.00,71.40,71.56,3770100,59.81
2008-03-27,71.44,71.90,70.94,71.19,5078000,59.50
2008-03-26,71.31,71.75,71.06,71.16,3740700,59.48
2008-03-25,71.50,72.21,71.19,71.54,4777300,59.79
2008-03-24,71.40,71.92,70.86,71.45,4580400,59.72
2008-03-20,70.50,71.42,70.00,71.19,7360200,59.50
2008-03-19,70.00,71.50,69.73,70.18,6252600,58.66
2008-03-18,70.32,70.36,69.17,70.02,7871800,58.52
2008-03-17,68.00,70.05,67.95,69.15,9426100,57.80
2008-03-14,69.75,69.75,68.03,68.45,7798000,57.21
2008-03-13,68.63,69.74,68.26,69.24,6734000,57.87
2008-03-12,69.97,70.32,69.40,69.56,6049100,58.14
2008-03-11,70.43,70.43,68.98,69.95,7215600,58.47
2008-03-10,69.79,69.79,68.83,69.02,4702000,57.69
2008-03-07,69.84,70.31,69.29,69.59,7205600,58.16
2008-03-06,70.00,70.90,69.96,70.12,6138800,58.61
2008-03-05,70.33,70.72,69.00,70.28,6690200,58.74
2008-03-04,69.32,70.36,69.32,70.04,5965200,58.23
2008-03-03,69.55,70.25,69.17,70.17,5024400,58.34
2008-02-29,70.42,70.67,69.35,69.56,5893400,57.83
2008-02-28,71.21,71.21,70.35,71.06,4804800,59.08
2008-02-27,71.01,71.72,71.01,71.20,4520400,59.19
2008-02-26,71.11,71.56,70.91,71.33,4673000,59.30
2008-02-25,71.33,71.93,70.96,71.59,4681000,59.52
2008-02-22,71.39,71.49,70.54,71.38,4771900,59.34
2008-02-21,71.50,71.68,70.83,71.08,5531400,59.09
2008-02-20,71.96,71.96,70.10,71.12,5848300,59.13
2008-02-19,72.50,72.50,71.09,71.14,4920800,59.14
2008-02-15,71.50,71.77,71.17,71.73,5963300,59.63
2008-02-14,71.79,72.14,71.20,71.57,7899600,59.50
2008-02-13,72.37,72.75,71.42,71.63,6603300,59.55
2008-02-12,71.31,72.24,70.96,71.96,6635300,59.82
2008-02-11,69.93,71.20,69.30,70.96,6934800,58.99
2008-02-08,70.38,70.56,69.50,69.81,6044800,58.04
2008-02-07,68.70,70.53,67.80,70.41,15291100,58.54
2008-02-06,68.38,68.38,66.32,66.73,14149600,55.48
2008-02-05,68.14,68.64,67.41,67.95,8681400,56.49
2008-02-04,68.85,69.34,68.53,69.22,5598600,57.55
2008-02-01,68.34,69.08,67.98,68.83,7728300,57.22
2008-01-31,67.15,68.49,66.30,68.05,13195200,56.57
2008-01-30,68.12,68.76,67.20,67.39,8292500,56.02
2008-01-29,70.26,70.57,68.30,68.63,9401000,57.06
2008-01-28,68.95,70.31,68.61,70.27,6940700,58.42
2008-01-25,69.87,70.48,68.70,68.92,8446300,57.30
2008-01-24,70.29,70.67,69.55,69.73,8466700,57.97
2008-01-23,68.51,70.92,67.71,70.50,12136600,58.61
2008-01-22,68.00,70.00,67.37,69.44,14039600,57.73
2008-01-18,72.54,73.16,70.95,71.46,8986000,59.41
2008-01-17,73.70,73.70,71.84,72.10,10016800,59.94
2008-01-16,74.35,74.85,73.28,73.54,9636900,61.14
2008-01-15,76.02,76.55,74.71,74.83,9342100,62.21
2008-01-14,78.25,78.39,76.65,76.92,7762500,63.95
2008-01-11,79.01,79.17,76.69,77.78,8061200,64.66
2008-01-10,78.74,79.79,78.22,79.57,7874900,66.15
2008-01-09,78.00,79.32,77.98,78.74,9288800,65.46
2008-01-08,77.85,78.99,77.17,77.94,7153800,64.80
2008-01-07,75.86,77.44,75.70,77.32,7584800,64.28
2008-01-04,75.29,76.40,75.29,75.55,5493200,62.81
2008-01-03,75.39,76.84,75.29,75.78,4728400,63.00
2008-01-02,76.41,76.41,74.71,75.29,4899100,62.59
2007-12-31,76.93,76.93,75.75,75.90,3707600,63.10
2007-12-28,77.00,77.32,76.57,77.03,2418600,64.04
2007-12-27,77.00,77.86,76.59,76.70,3429200,63.76
2007-12-26,77.98,77.98,76.92,77.28,3244500,64.25
2007-12-24,77.35,78.00,77.01,77.71,1444900,64.60
2007-12-21,77.82,77.88,76.77,77.35,7732500,64.30
2007-12-20,77.20,77.22,76.11,76.49,4365200,63.59
2007-12-19,77.19,77.39,76.32,76.79,5039400,63.84
2007-12-18,78.08,78.08,76.52,77.02,7384200,64.03
2007-12-17,78.89,78.89,77.20,77.37,5968700,64.32
2007-12-14,78.59,79.00,78.37,78.46,6740700,65.23
2007-12-13,78.30,78.78,77.53,78.69,4995600,65.42
2007-12-12,77.76,78.57,77.20,78.09,7472100,64.92
2007-12-11,77.50,78.09,76.34,76.48,5377900,63.58
2007-12-10,77.37,77.57,76.91,77.28,3942100,64.25
2007-12-07,77.17,77.75,76.91,77.00,3359900,64.01
2007-12-06,76.24,77.17,76.04,77.03,3788500,64.04
2007-12-05,75.81,76.79,75.62,76.27,6580300,63.41
2007-12-04,76.28,77.00,76.24,76.65,4260500,63.41
2007-12-03,77.51,77.51,76.37,76.58,4424500,63.35
2007-11-30,76.72,77.18,76.04,77.18,7287700,63.85
2007-11-29,77.07,77.07,76.09,76.54,4523000,63.32
2007-11-28,76.09,77.41,75.47,77.16,6729800,63.83
2007-11-27,75.16,76.13,74.44,75.92,6342300,62.81
2007-11-26,75.66,76.41,74.51,74.69,6032900,61.79
2007-11-23,75.69,75.69,74.76,75.51,2283400,62.47
2007-11-21,74.42,76.29,74.42,75.04,7706300,62.08
2007-11-20,75.00,75.58,73.97,74.84,8165000,61.91
2007-11-19,73.83,75.40,73.55,75.08,7842900,62.11
2007-11-16,74.21,74.39,73.16,74.15,6092900,61.34
2007-11-15,73.91,74.86,73.38,73.58,5205200,60.87
2007-11-14,73.90,74.96,72.86,74.06,6225000,61.27
2007-11-13,73.19,73.42,72.10,73.34,5741400,60.67
2007-11-12,73.20,73.69,72.50,72.57,4951000,60.04
2007-11-09,73.60,74.23,72.81,73.48,6694900,60.79
2007-11-08,72.40,73.75,72.00,73.50,6819000,60.81
2007-11-07,73.32,73.32,72.19,72.34,4909100,59.85
2007-11-06,72.82,73.89,72.76,73.49,4810600,60.80
2007-11-05,73.56,73.56,72.62,72.76,6661600,60.19
2007-11-02,73.63,73.63,72.37,72.98,5073000,60.37
2007-11-01,73.49,73.90,72.39,72.39,4960600,59.89
2007-10-31,74.04,74.30,72.85,73.72,4810900,60.99
2007-10-30,73.30,74.32,73.10,73.84,4961900,61.09
2007-10-29,72.49,73.87,72.17,73.70,5955000,60.97
2007-10-26,72.46,72.46,71.50,72.34,4133300,59.85
2007-10-25,72.00,72.37,71.62,71.98,4707800,59.55
2007-10-24,71.18,71.90,70.94,71.80,5084400,59.40
2007-10-23,71.27,71.58,70.71,71.53,4878200,59.18
2007-10-22,70.03,71.22,69.98,71.17,5464300,58.88
2007-10-19,71.60,71.85,70.35,70.40,7392900,58.24
2007-10-18,72.07,72.44,71.71,71.88,3426100,59.46
2007-10-17,72.02,72.79,71.61,72.11,4837700,59.66
2007-10-16,71.06,72.05,71.05,71.87,5704300,59.46
2007-10-15,71.65,71.97,70.79,71.35,7043100,59.03
2007-10-12,71.74,72.47,71.40,71.78,5750600,59.38
2007-10-11,73.80,74.10,70.82,71.77,12367700,59.37
2007-10-10,73.46,74.19,73.10,73.60,5326500,60.89
2007-10-09,73.40,73.69,72.93,73.21,7024100,60.57
2007-10-08,73.50,73.95,73.40,73.91,2371900,61.14
2007-10-05,74.14,74.19,73.24,73.74,5698200,61.00
2007-10-04,73.01,73.88,73.01,73.87,4463700,61.11
2007-10-03,73.60,73.70,73.20,73.47,5139100,60.78
2007-10-02,74.12,74.25,73.34,73.76,6144100,61.02
2007-10-01,73.54,74.24,73.50,74.01,7216500,61.23
2007-09-28,72.63,73.29,72.50,73.26,6706500,60.61
2007-09-27,72.30,72.85,72.23,72.62,5488400,60.08
2007-09-26,71.37,72.54,71.33,72.23,6429300,59.75
2007-09-25,70.85,71.73,70.75,71.22,5708000,58.92
2007-09-24,71.46,71.90,70.95,71.25,8124000,58.94
2007-09-21,71.46,71.99,71.03,71.44,7783400,59.10
2007-09-20,70.90,71.45,70.83,71.03,5230100,58.76
2007-09-19,71.00,71.35,70.08,71.11,6961000,58.83
2007-09-18,70.00,71.10,69.71,70.88,6007600,58.64
2007-09-17,69.36,70.06,69.12,69.80,5095900,57.74
2007-09-14,69.47,70.27,69.40,69.56,4850700,57.55
2007-09-13,69.87,70.48,69.60,69.88,6851300,57.81
2007-09-12,69.65,69.97,69.37,69.58,5477900,57.56
2007-09-11,69.34,69.99,69.02,69.87,6585900,57.80
2007-09-10,68.05,68.84,68.02,68.46,4644200,56.64
2007-09-07,68.00,68.62,67.68,67.98,5439500,56.24
2007-09-06,67.64,69.05,67.32,68.56,4787700,56.72
2007-09-05,67.82,68.22,66.63,67.94,4537400,56.21
2007-09-04,68.34,68.90,68.17,68.61,4591600,56.45
2007-08-31,68.23,68.73,67.50,68.03,6216200,55.97
2007-08-30,67.71,68.26,67.61,67.86,3953200,55.83
2007-08-29,67.71,68.29,67.34,68.19,3789000,56.10
2007-08-28,68.00,68.18,67.34,67.51,4927800,55.54
2007-08-27,67.91,68.39,67.75,68.10,3175100,56.03
2007-08-24,68.07,68.39,67.83,68.22,3995100,56.13
2007-08-23,68.88,69.02,67.44,67.91,6499900,55.87
2007-08-22,68.63,68.90,67.80,68.80,7342300,56.61
2007-08-21,68.31,68.82,68.10,68.45,4848700,56.32
2007-08-20,69.19,69.65,68.15,68.61,4963400,56.45
2007-08-17,69.68,69.82,68.28,69.38,8667400,57.08
2007-08-16,66.51,68.57,66.50,68.37,9704700,56.25
2007-08-15,66.91,68.52,66.80,67.34,6099700,55.40
2007-08-14,68.35,68.55,66.83,67.16,5052700,55.26
2007-08-13,68.05,68.67,67.20,68.08,5473000,56.01
2007-08-10,67.68,68.63,67.20,67.95,7648500,55.91
2007-08-09,69.45,70.25,68.50,68.50,8567200,56.36
2007-08-08,68.67,70.17,68.51,69.94,6706800,57.54
2007-08-07,68.19,69.83,67.95,69.16,9067700,56.90
2007-08-06,67.11,68.55,66.75,68.51,7561300,56.37
2007-08-03,66.81,67.59,66.43,66.47,6114100,54.69
2007-08-02,66.99,67.22,66.25,66.81,5264700,54.97
2007-08-01,65.11,66.74,65.10,66.43,6558800,54.66
2007-07-31,66.05,66.50,65.56,65.62,6964200,53.99
2007-07-30,66.78,68.90,65.13,65.90,7404700,54.22
2007-07-27,67.15,67.28,65.63,65.66,8881700,54.02
2007-07-26,67.45,68.25,66.40,66.84,10338300,54.99
2007-07-25,66.82,68.96,66.82,68.32,11364700,56.21
2007-07-24,66.00,66.90,65.61,66.26,8252100,54.52
2007-07-23,65.02,66.87,64.75,66.59,10956800,54.79
2007-07-20,65.20,65.20,64.25,64.67,11559400,53.21
2007-07-19,66.22,66.52,65.25,65.47,9939200,53.87
2007-07-18,66.27,66.55,65.60,66.13,7537600,54.41
2007-07-17,67.13,67.25,66.25,66.40,24336200,54.63
2007-07-16,66.61,67.25,66.56,66.99,4474400,55.12
2007-07-13,67.00,67.00,66.26,66.85,4891400,55.00
2007-07-12,66.26,67.00,66.00,66.94,5630200,55.08
2007-07-11,65.58,66.21,65.47,66.11,4928700,54.39
2007-07-10,66.05,66.55,65.84,65.87,7152600,54.20
2007-07-09,66.05,66.44,66.00,66.05,4156600,54.34
2007-07-06,65.92,66.42,65.65,66.22,3851100,54.48
2007-07-05,65.74,66.51,65.68,65.91,5679200,54.23
2007-07-03,65.48,65.71,65.04,65.59,3470800,53.96
2007-07-02,65.38,66.00,65.00,65.30,7159200,53.73
2007-06-29,65.31,65.61,64.36,64.85,6917900,53.36
2007-06-28,65.18,65.71,64.70,65.25,5104800,53.69
2007-06-27,64.57,65.54,64.25,65.17,5194400,53.62
2007-06-26,65.02,65.20,64.51,64.66,7752200,53.20
2007-06-25,64.70,65.20,64.33,64.65,5993100,53.19
2007-06-22,65.58,65.98,64.71,64.86,7719100,53.36
2007-06-21,65.52,66.07,65.50,65.88,4326500,54.20
2007-06-20,66.12,66.42,65.52,65.52,4750000,53.91
2007-06-19,66.38,66.39,65.52,65.80,6368000,54.14
2007-06-18,66.69,66.90,66.54,66.59,3496500,54.79
2007-06-15,67.16,67.76,66.66,66.68,7758200,54.86
2007-06-14,66.47,67.09,66.35,66.89,5174500,55.03
2007-06-13,66.08,66.42,65.54,66.39,5708300,54.62
2007-06-12,65.96,66.64,65.77,66.03,6423100,54.33
2007-06-11,66.30,66.61,65.98,66.04,5067400,54.34
2007-06-08,66.21,66.64,65.83,66.61,6997000,54.80
2007-06-07,66.96,67.16,66.29,66.35,7122300,54.59
2007-06-06,67.22,67.50,67.00,67.06,5435400,55.17
2007-06-05,67.77,68.36,67.59,67.62,5889000,55.33
2007-06-04,68.00,68.70,68.00,68.31,3721200,55.89
2007-06-01,68.65,68.96,68.35,68.70,4965300,56.21
2007-05-31,68.51,68.91,68.26,68.33,5697400,55.91
2007-05-30,68.20,68.76,68.06,68.57,5645400,56.10
2007-05-29,68.66,69.00,68.33,68.48,5001900,56.03
2007-05-25,68.38,69.00,68.38,68.82,4080800,56.31
2007-05-24,68.74,69.06,68.37,68.45,6077800,56.01
2007-05-23,68.75,68.92,68.54,68.69,4412100,56.20
2007-05-22,68.83,69.00,68.37,68.67,6329400,56.19
2007-05-21,68.50,69.41,68.39,69.03,7068300,56.48
2007-05-18,68.77,69.64,68.69,69.48,8369100,56.85
2007-05-17,68.45,68.71,68.13,68.49,5715700,56.04
2007-05-16,67.44,68.80,67.27,68.64,8944800,56.16
2007-05-15,67.04,67.59,66.90,67.45,6784700,55.19
2007-05-14,66.71,67.00,66.45,66.79,4923000,54.65
2007-05-11,66.35,66.85,66.19,66.80,3675000,54.66
2007-05-10,67.01,67.17,66.32,66.35,4311600,54.29
2007-05-09,67.15,67.49,67.04,67.17,3391100,54.96
2007-05-08,67.20,67.60,67.10,67.15,3268600,54.94
2007-05-07,67.54,67.69,67.30,67.48,2398000,55.21
2007-05-04,67.43,67.60,67.22,67.42,3246300,55.16
2007-05-03,67.08,67.72,67.05,67.31,5184200,55.07
2007-05-02,66.80,67.10,66.51,67.02,5458600,54.84
2007-05-01,66.15,66.51,65.97,66.40,4108400,54.33
2007-04-30,66.19,66.72,66.07,66.09,5503500,54.07
2007-04-27,65.85,66.57,65.78,66.29,4524700,54.24
2007-04-26,67.40,67.40,66.31,66.41,6385600,54.34
2007-04-25,66.77,67.24,66.30,66.98,5911200,54.80
2007-04-24,66.56,66.86,66.13,66.41,4577300,54.34
2007-04-23,66.56,66.96,66.55,66.59,4419700,54.48
2007-04-20,66.25,66.82,66.25,66.65,8037100,54.53
2007-04-19,65.89,66.03,65.55,66.03,5284200,54.03
2007-04-18,65.55,65.98,65.52,65.92,5901300,53.94
2007-04-17,64.68,66.01,64.44,65.80,12026600,53.84
2007-04-16,64.40,64.69,64.31,64.56,6314100,52.82
2007-04-13,64.40,64.59,64.00,64.40,4947500,52.69
2007-04-12,63.90,64.31,63.65,64.16,8138300,52.50
2007-04-11,63.24,63.42,63.00,63.21,5395600,51.72
2007-04-10,62.95,63.46,62.87,63.41,6447100,51.88
2007-04-09,63.60,63.75,62.96,62.99,6847400,51.54
2007-04-05,63.63,63.83,63.43,63.68,4372600,52.10
2007-04-04,63.45,63.84,63.34,63.73,5054200,52.14
2007-04-03,63.70,63.80,63.27,63.40,5588600,51.87
2007-04-02,63.15,63.70,63.12,63.39,4596000,51.87
2007-03-30,63.94,64.00,62.90,63.56,5079200,52.00
2007-03-29,62.97,63.67,62.57,63.59,4953200,52.03
2007-03-28,62.75,63.33,62.67,62.89,7390100,51.46
2007-03-27,63.50,63.50,62.87,62.95,6602800,51.51
2007-03-26,64.02,64.04,63.32,63.89,5320700,52.27
2007-03-23,63.85,64.16,63.76,64.09,3149500,52.44
2007-03-22,63.77,64.33,63.50,64.11,4558500,52.45
2007-03-21,63.22,64.30,63.18,64.18,4800200,52.51
2007-03-20,62.69,63.51,62.66,63.40,4345300,51.87
2007-03-19,62.81,63.20,62.75,62.84,5506100,51.42
2007-03-16,63.77,63.77,62.28,62.57,6687700,51.19
2007-03-15,62.73,63.44,62.61,62.99,6198200,51.54
2007-03-14,62.91,63.00,61.89,62.69,5619900,51.29
2007-03-13,63.49,63.70,62.01,62.16,6438000,50.86
2007-03-12,62.82,63.32,62.70,63.17,3652200,51.69
2007-03-09,63.15,63.15,62.62,62.88,6075400,51.45
2007-03-08,63.00,63.24,62.57,63.05,5168700,51.59
2007-03-07,63.10,63.17,62.61,62.75,4346500,51.34
2007-03-06,62.96,63.32,62.89,63.26,5539700,51.51
2007-03-05,62.93,63.20,62.76,62.77,6917500,51.11
2007-03-02,63.41,63.66,62.84,62.93,6344400,51.24
2007-03-01,62.75,63.72,62.50,63.43,8967300,51.65
2007-02-28,62.57,63.46,62.51,63.15,7139700,51.42
2007-02-27,64.39,65.00,62.50,62.76,8262000,51.11
2007-02-26,64.85,64.91,64.38,64.49,4021600,52.52
2007-02-23,64.43,64.68,64.23,64.58,3385000,52.59
2007-02-22,64.91,65.00,64.23,64.66,5618700,52.65
2007-02-21,64.41,65.21,64.40,65.02,5729900,52.95
2007-02-20,64.42,64.76,64.23,64.61,3994700,52.61
2007-02-16,64.27,64.95,64.13,64.62,6386100,52.62
2007-02-15,63.26,64.52,63.25,64.08,4701500,52.18
2007-02-14,63.80,63.96,63.35,63.35,6885900,51.59
2007-02-13,63.79,64.14,63.41,63.81,4969500,51.96
2007-02-12,63.99,64.00,63.56,63.72,4961100,51.89
2007-02-09,62.56,64.15,62.56,63.91,7276500,52.04
2007-02-08,63.25,64.11,62.80,63.31,13901100,51.55
2007-02-07,64.40,64.70,64.22,64.50,4323100,52.52
2007-02-06,64.84,64.94,64.36,64.39,4129800,52.43
2007-02-05,65.00,65.00,64.44,64.83,3646800,52.79
2007-02-02,64.65,65.30,64.64,65.04,3097800,52.96
2007-02-01,65.00,65.39,64.68,65.38,4382800,53.24
2007-01-31,65.10,65.36,64.88,65.24,4277000,53.13
2007-01-30,64.68,65.21,64.40,65.09,5131600,53.00
2007-01-29,64.45,64.85,64.40,64.60,4451200,52.60
2007-01-26,64.45,64.81,64.40,64.45,8566800,52.48
2007-01-25,65.07,65.07,64.33,64.42,3750500,52.46
2007-01-24,64.74,65.20,64.50,65.20,3586600,53.09
2007-01-23,64.71,65.11,64.65,64.84,3860200,52.80
2007-01-22,64.63,65.13,64.54,64.81,5546700,52.78
2007-01-19,65.01,65.01,64.67,64.82,5333700,52.78
2007-01-18,64.41,65.54,64.22,64.92,4144300,52.87
2007-01-17,64.67,65.00,64.56,65.00,4494400,52.93
2007-01-16,64.50,64.99,64.50,64.85,3517700,52.81
2007-01-12,64.78,65.25,64.59,64.70,4982100,52.69
2007-01-11,64.20,65.06,64.20,64.95,6909300,52.89
2007-01-10,63.00,64.29,62.29,64.15,6427100,52.24
2007-01-09,63.05,63.47,63.01,63.35,4916500,51.59
2007-01-08,63.00,63.27,62.86,63.09,6122600,51.38
2007-01-05,62.70,63.22,62.70,62.95,4542400,51.26
2007-01-04,62.70,63.25,62.50,63.15,5414300,51.42
2007-01-03,62.70,63.35,62.45,62.72,6161600,51.07
2006-12-29,63.10,63.40,62.55,62.55,2857700,50.94
2006-12-28,62.95,63.36,62.76,63.25,2489300,51.51
2006-12-27,63.07,63.15,62.59,62.89,2342600,51.21
2006-12-26,62.93,63.24,62.57,62.84,2693700,51.17
2006-12-22,63.00,63.73,62.95,63.10,3017300,51.38
2006-12-21,63.38,63.50,63.04,63.39,3073700,51.62
2006-12-20,63.32,63.51,63.09,63.30,3539600,51.55
2006-12-19,62.80,63.54,62.75,63.28,4259900,51.53
2006-12-18,63.11,63.34,62.74,63.07,3102600,51.36
2006-12-15,62.47,63.35,62.05,62.87,6545700,51.20
2006-12-14,62.59,62.86,62.39,62.50,4092700,50.89
2006-12-13,63.09,63.31,62.49,62.76,3838600,51.11
2006-12-12,62.86,63.10,62.40,62.85,4336100,51.18
2006-12-11,63.21,63.38,62.52,62.76,3828700,51.11
2006-12-08,63.00,63.77,63.00,63.27,3011900,51.52
2006-12-07,63.65,63.91,63.23,63.42,3652400,51.64
2006-12-06,64.00,64.00,63.40,63.71,4688900,51.88
2006-12-05,62.90,64.17,62.90,64.17,6823500,52.01
2006-12-04,62.18,63.17,62.08,62.88,5796600,50.96
2006-12-01,62.00,62.11,61.46,61.96,5289500,50.22
2006-11-30,62.40,62.50,61.90,61.97,5203400,50.23
2006-11-29,61.82,62.52,61.65,62.47,4107600,50.63
2006-11-28,61.35,61.92,61.21,61.82,5872800,50.11
2006-11-27,62.05,62.27,61.42,61.50,4767200,49.85
2006-11-24,62.04,62.73,62.00,62.34,2142600,50.53
2006-11-22,62.48,62.72,62.30,62.54,3593000,50.69
2006-11-21,62.43,62.90,62.40,62.56,5658000,50.71
2006-11-20,62.18,62.74,62.03,62.50,4566300,50.66
2006-11-17,61.80,62.38,61.78,62.28,5036800,50.48
2006-11-16,61.50,62.11,61.44,61.80,6659300,50.09
2006-11-15,61.85,61.97,61.15,61.24,7576900,49.64
2006-11-14,61.33,62.08,61.28,61.94,7792800,50.20
2006-11-13,62.44,62.44,61.16,61.41,8574600,49.77
2006-11-10,62.61,62.80,62.47,62.55,2909100,50.70
2006-11-09,63.40,63.50,62.54,62.69,5012300,50.81
2006-11-08,63.31,63.75,63.25,63.53,3463600,51.49
2006-11-07,63.26,63.54,63.09,63.40,4406600,51.39
2006-11-06,63.38,63.38,63.05,63.28,3361500,51.29
2006-11-03,63.10,63.42,62.96,63.24,3086500,51.26
2006-11-02,63.20,63.47,63.05,63.21,3839700,51.23
2006-11-01,63.37,63.65,63.28,63.35,3567000,51.35
2006-10-31,63.71,63.74,63.06,63.44,3627500,51.42
2006-10-30,63.64,63.80,63.33,63.53,2534900,51.49
2006-10-27,63.62,63.76,63.38,63.54,2975500,51.50
2006-10-26,63.46,63.98,63.40,63.82,4582500,51.73
2006-10-25,63.30,63.90,62.94,63.64,6068000,51.58
2006-10-24,62.95,63.48,62.70,63.20,8868900,51.22
2006-10-23,62.69,63.60,62.62,63.18,4842700,51.21
2006-10-20,62.97,63.19,62.42,62.81,4814000,50.91
2006-10-19,63.02,63.25,62.47,62.82,3834400,50.92
2006-10-18,62.65,63.25,62.36,63.19,6167200,51.22
2006-10-17,62.43,62.75,62.24,62.37,3829300,50.55
2006-10-16,62.27,62.82,62.26,62.68,3871600,50.80
2006-10-13,62.55,62.63,61.95,62.45,6573800,50.62
2006-10-12,63.50,63.50,62.16,62.85,10942300,50.94
2006-10-11,62.62,64.13,62.62,63.86,6152700,51.76
2006-10-10,63.72,63.84,63.14,63.41,5210900,51.39
2006-10-09,64.30,64.50,63.47,63.72,4414500,51.65
2006-10-06,64.56,64.78,64.17,64.42,4038900,52.21
2006-10-05,64.60,64.90,64.10,64.78,3998900,52.50
2006-10-04,64.81,65.20,64.45,64.91,3626200,52.61
2006-10-03,64.25,65.04,64.05,64.66,5275700,52.41
2006-10-02,65.19,65.30,64.17,64.33,4931000,52.14
2006-09-29,65.05,65.42,65.05,65.26,3031200,52.89
2006-09-28,65.77,65.87,65.20,65.30,3404400,52.93
2006-09-27,65.20,65.99,65.16,65.91,4217300,53.42
2006-09-26,65.32,65.49,65.04,65.43,3804800,53.03
2006-09-25,64.64,65.42,64.43,65.07,5095200,52.74
2006-09-22,64.48,64.59,64.05,64.28,3657400,52.10
2006-09-21,65.12,65.44,64.41,64.61,3634900,52.37
2006-09-20,65.03,65.39,64.76,65.12,3859300,52.78
2006-09-19,64.47,64.87,64.25,64.77,2760800,52.50
2006-09-18,64.89,65.47,64.34,64.48,4116900,52.26
2006-09-15,64.70,65.12,64.65,65.03,5788000,52.71
2006-09-14,64.64,64.87,64.50,64.55,3392300,52.32
2006-09-13,64.75,64.85,64.42,64.64,6456300,52.39
2006-09-12,64.94,65.20,64.49,65.20,3480700,52.85
2006-09-11,64.47,64.88,64.37,64.72,2529000,52.46
2006-09-08,65.03,65.03,64.30,64.73,3109500,52.46
2006-09-07,64.31,64.63,64.10,64.22,3956400,52.05
2006-09-06,64.93,65.10,64.78,64.93,2888300,52.63
2006-09-05,65.20,65.41,65.18,65.20,2634600,52.60
2006-09-01,65.72,65.75,65.19,65.41,2725600,52.77
2006-08-31,65.40,65.73,65.27,65.28,2498000,52.67
2006-08-30,65.49,65.99,65.45,65.64,4616000,52.96
2006-08-29,64.86,65.90,64.86,65.81,6725400,53.09
2006-08-28,63.87,65.07,63.87,65.00,4664800,52.44
2006-08-25,64.00,64.38,63.73,64.18,2673300,51.78
2006-08-24,64.00,64.56,63.85,64.14,4266400,51.75
2006-08-23,63.45,64.14,63.31,64.07,3815500,51.69
2006-08-22,63.24,63.83,63.20,63.74,3142600,51.42
2006-08-21,63.07,63.48,63.00,63.30,2342600,51.07
2006-08-18,62.62,63.10,62.31,63.01,3300500,50.84
2006-08-17,63.20,63.29,62.42,62.66,4791500,50.55
2006-08-16,63.45,63.58,63.13,63.29,3387100,51.06
2006-08-15,63.99,64.00,63.42,63.59,4445000,51.30
2006-08-14,63.30,63.96,63.30,63.95,4108000,51.59
2006-08-11,62.99,63.47,62.96,63.33,1966900,51.09
2006-08-10,62.81,63.48,62.81,63.20,3087900,50.99
2006-08-09,63.41,63.94,62.84,62.84,3130300,50.70
2006-08-08,63.49,63.81,63.33,63.62,3129900,51.33
2006-08-07,63.11,63.24,62.73,63.16,2963600,50.96
2006-08-04,62.80,63.37,62.55,63.17,3070700,50.96
2006-08-03,63.21,63.39,62.83,62.84,3586400,50.70
2006-08-02,62.95,63.24,62.37,63.20,4249300,50.99
2006-08-01,63.20,63.73,62.85,63.17,3479200,50.96
2006-07-31,63.19,63.56,62.87,63.38,3922800,51.13
2006-07-28,62.98,63.34,62.73,63.13,3117400,50.93
2006-07-27,63.84,63.85,62.41,62.49,4194600,50.42
2006-07-26,62.87,63.98,62.82,63.63,4796800,51.34
2006-07-25,63.13,63.54,62.54,62.72,5030900,50.60
2006-07-24,62.73,63.40,62.71,63.35,3850200,51.11
2006-07-21,62.54,63.04,62.31,62.76,4319400,50.63
2006-07-20,62.99,63.09,62.48,62.48,3361800,50.41
2006-07-19,63.23,63.55,62.53,62.67,5856700,50.56
2006-07-18,62.30,63.25,62.28,63.21,8060800,51.00
2006-07-17,61.40,62.35,61.34,62.28,5653500,50.25
2006-07-14,62.00,62.10,61.51,61.80,4958500,49.86
2006-07-13,61.95,62.34,61.60,62.07,7825100,50.08
2006-07-12,61.52,62.00,61.05,61.10,4395500,49.29
2006-07-11,60.81,61.60,60.78,61.59,4243700,49.69
2006-07-10,60.65,61.02,60.61,60.95,3276400,49.17
2006-07-07,60.35,60.72,60.23,60.46,2493500,48.78
2006-07-06,60.11,60.67,60.07,60.36,3481400,48.70
2006-07-05,60.27,60.72,60.10,60.27,3799300,48.62
2006-07-03,60.60,60.73,60.20,60.27,1810800,48.62
2006-06-30,59.55,60.50,59.55,60.04,5366400,48.44
2006-06-29,59.36,59.59,59.07,59.50,2972900,48.00
2006-06-28,59.16,59.37,58.77,58.91,3054000,47.53
2006-06-27,58.71,59.59,58.65,59.11,3501200,47.69
2006-06-26,59.31,59.61,59.07,59.51,2877100,48.01
2006-06-23,59.63,60.03,59.45,59.49,2952500,48.00
2006-06-22,59.55,60.37,59.32,60.02,4305600,48.42
2006-06-21,59.43,59.94,59.31,59.61,3471200,48.09
2006-06-20,59.24,59.86,59.11,59.29,3960500,47.83
2006-06-19,59.93,60.08,59.11,59.31,3811300,47.85
2006-06-16,59.38,59.85,59.38,59.70,6195700,48.16
2006-06-15,58.99,59.08,58.62,59.08,5154300,47.66
2006-06-14,58.74,59.08,58.55,58.86,4012000,47.49
2006-06-13,59.45,59.84,58.92,58.99,5054500,47.59
2006-06-12,59.78,60.10,59.56,59.72,3964600,48.18
2006-06-09,60.00,60.30,59.70,59.93,3212000,48.35
2006-06-08,60.16,60.52,59.87,60.13,5256400,48.51
2006-06-07,60.66,60.79,60.30,60.30,4118700,48.65
2006-06-06,60.04,60.52,59.75,60.52,4488600,48.58
2006-06-05,60.37,60.50,59.66,59.75,4318100,47.97
2006-06-02,60.87,61.00,60.22,60.67,4373400,48.70
2006-06-01,60.37,61.19,60.34,61.10,4681800,49.05
2006-05-31,60.33,60.52,60.02,60.46,4409100,48.54
2006-05-30,60.21,60.65,60.21,60.42,3523000,48.50
2006-05-26,60.68,60.77,60.36,60.66,4104100,48.70
2006-05-25,60.30,60.62,60.11,60.56,5509700,48.62
2006-05-24,59.77,60.52,59.36,60.36,5498600,48.46
2006-05-23,59.65,60.13,59.55,59.73,5006200,47.95
2006-05-22,58.40,59.58,58.35,59.27,5482200,47.58
2006-05-19,58.69,58.91,58.10,58.60,5633200,47.04
2006-05-18,59.35,59.47,58.60,58.69,4429900,47.12
2006-05-17,59.22,60.00,59.16,59.65,5313700,47.89
2006-05-16,59.50,60.00,59.45,59.66,4452700,47.89
2006-05-15,58.67,59.85,58.51,59.71,7062800,47.93
2006-05-12,58.36,58.68,57.91,58.64,4834700,47.08
2006-05-11,58.70,58.81,58.17,58.35,3133900,46.84
2006-05-10,58.56,59.01,58.42,58.84,3168500,47.24
2006-05-09,58.60,58.82,58.42,58.71,2878000,47.13
2006-05-08,59.06,59.25,58.75,58.90,3695800,47.28
2006-05-05,58.98,59.31,58.80,59.18,3899500,47.51
2006-05-04,58.50,58.99,58.47,58.74,4345500,47.16
2006-05-03,57.75,58.45,57.69,58.45,3961800,46.92
2006-05-02,58.13,58.17,57.75,57.95,3267600,46.52
2006-05-01,58.25,58.72,57.98,58.17,3901200,46.70
2006-04-28,58.15,58.35,57.91,58.24,4987100,46.75
2006-04-27,56.95,58.31,56.95,58.08,6510600,46.63
2006-04-26,57.82,58.03,57.72,57.86,4331000,46.45
2006-04-25,57.05,57.84,57.01,57.50,5627300,46.16
2006-04-24,57.21,57.56,56.51,57.27,6023000,45.98
2006-04-21,57.45,57.61,57.09,57.20,5696000,45.92
2006-04-20,58.02,58.21,57.30,57.30,6195800,46.00
2006-04-19,58.18,58.65,57.95,58.08,4554900,46.63
2006-04-18,57.79,58.29,57.55,58.08,3285300,46.63
2006-04-17,57.64,57.80,57.31,57.39,2696200,46.07
2006-04-13,57.84,58.12,57.68,57.87,2567600,46.46
2006-04-12,57.84,57.99,57.79,57.88,2186400,46.46
2006-04-11,58.16,58.21,57.53,57.81,2902700,46.41
2006-04-10,57.76,58.35,57.76,58.09,3203300,46.63
2006-04-07,58.18,58.38,57.73,57.80,3924900,46.40
2006-04-06,57.78,58.28,57.55,58.02,3452200,46.58
2006-04-05,57.79,58.02,57.58,57.89,3505100,46.47
2006-04-04,57.92,57.92,57.62,57.81,3549100,46.41
2006-04-03,58.24,58.24,57.69,57.85,5097900,46.44
2006-03-31,58.40,58.50,57.74,57.79,4488900,46.39
2006-03-30,58.29,58.59,58.04,58.11,3924900,46.65
2006-03-29,58.59,58.81,58.13,58.41,4185200,46.89
2006-03-28,58.76,58.81,58.39,58.44,3856000,46.91
2006-03-27,59.14,59.17,58.85,58.99,2911800,47.36
2006-03-24,59.00,59.54,58.84,59.34,2171100,47.64
2006-03-23,59.60,59.64,58.98,59.13,3006400,47.47
2006-03-22,59.35,59.90,59.35,59.82,2094300,48.02
2006-03-21,59.69,59.89,59.32,59.53,3005600,47.79
2006-03-20,59.95,60.13,59.50,59.86,2759700,48.05
2006-03-17,60.09,60.11,59.73,60.06,4085900,48.21
2006-03-16,60.20,60.20,59.70,59.90,3011900,48.09
2006-03-15,60.11,60.19,59.59,60.06,3607200,48.21
2006-03-14,60.26,60.50,60.10,60.43,4281900,48.51
2006-03-13,60.00,60.55,59.90,60.49,4221500,48.56
2006-03-10,59.94,60.39,59.91,60.34,3656300,48.44
2006-03-09,59.70,60.15,59.68,60.00,4640700,48.17
2006-03-08,59.57,59.93,59.56,59.82,6006300,48.02
2006-03-07,59.47,59.83,59.46,59.76,4036400,47.77
2006-03-06,59.32,59.69,59.32,59.68,3505300,47.70
2006-03-03,59.02,59.63,59.02,59.48,3865300,47.54
2006-03-02,59.00,59.40,58.95,59.28,4228800,47.38
2006-03-01,59.04,59.47,58.97,59.25,3496500,47.36
2006-02-28,59.18,59.43,58.98,59.11,4638200,47.25
2006-02-27,59.77,59.90,59.50,59.51,3548300,47.57
2006-02-24,59.47,59.70,59.25,59.54,3984400,47.59
2006-02-23,58.76,59.90,58.60,59.66,6065400,47.69
2006-02-22,58.75,59.17,58.75,59.00,3959800,47.16
2006-02-21,58.72,59.10,58.72,58.84,4428600,47.03
2006-02-17,58.57,59.12,58.54,58.92,4136300,47.09
2006-02-16,57.65,58.70,57.58,58.70,3396900,46.92
2006-02-15,57.74,58.05,57.31,57.88,2519200,46.26
2006-02-14,57.60,58.09,57.32,57.95,3227500,46.32
2006-02-13,57.83,57.84,57.34,57.60,2854000,46.04
2006-02-10,57.59,58.15,57.30,57.93,4216700,46.30
2006-02-09,57.30,58.08,57.06,57.71,5398100,46.13
2006-02-08,57.70,57.71,56.95,57.28,5287500,45.78
2006-02-07,56.80,57.28,56.53,56.86,4960500,45.45
2006-02-06,57.24,57.58,56.77,56.77,3285100,45.38
2006-02-03,57.15,57.59,57.10,57.34,3346900,45.83
2006-02-02,57.08,57.61,57.00,57.45,3478600,45.92
2006-02-01,56.81,57.30,56.80,57.27,4635000,45.78
2006-01-31,57.31,57.60,56.95,57.18,5381000,45.70
2006-01-30,58.01,58.30,57.57,57.64,3602800,46.07
2006-01-27,57.11,58.28,56.00,58.20,7294100,46.52
2006-01-26,57.64,57.96,57.35,57.40,3707100,45.88
2006-01-25,58.10,58.19,57.41,57.64,3613400,46.07
2006-01-24,57.55,58.39,57.55,58.04,4745200,46.39
2006-01-23,57.26,57.83,57.22,57.50,2852600,45.96
2006-01-20,58.28,58.28,57.24,57.28,4123500,45.78
2006-01-19,58.34,58.45,57.92,58.33,3209400,46.62
2006-01-18,58.40,58.77,58.04,58.39,3039700,46.67
2006-01-17,58.20,58.64,58.14,58.43,3129700,46.70
2006-01-13,59.00,59.14,58.61,58.70,2544100,46.92
2006-01-12,58.69,58.95,58.43,58.84,2984500,47.03
2006-01-11,59.28,59.50,58.57,58.86,3161000,47.05
2006-01-10,59.30,59.39,58.83,59.10,2945200,47.24
2006-01-09,59.61,59.61,59.20,59.30,4769700,47.40
2006-01-06,59.60,59.74,59.24,59.60,3051600,47.64
2006-01-05,59.61,59.88,59.19,59.38,3054100,47.46
2006-01-04,59.55,59.97,59.35,59.73,3380500,47.74
2006-01-03,59.92,59.92,58.93,59.76,4424100,47.77
2005-12-30,59.45,59.54,59.02,59.08,2162100,47.22
2005-12-29,59.50,59.55,59.26,59.54,3818400,47.59
2005-12-28,59.19,59.55,59.02,59.33,2305400,47.42
2005-12-27,59.02,59.60,58.93,59.19,2365500,47.31
2005-12-23,59.50,59.65,58.93,59.21,1444800,47.33
2005-12-22,59.35,59.54,58.96,59.22,2422700,47.33
2005-12-21,59.42,59.67,59.01,59.24,2764800,47.35
2005-12-20,59.61,59.90,59.10,59.17,3008600,47.29
2005-12-19,59.45,59.66,59.31,59.54,2735300,47.59
2005-12-16,59.80,60.25,59.75,59.82,6020900,47.81
2005-12-15,59.22,59.60,59.02,59.60,2730500,47.64
2005-12-14,58.97,59.77,58.97,59.25,3091300,47.36
2005-12-13,59.20,59.40,58.69,58.97,3492100,47.13
2005-12-12,59.30,59.75,59.15,59.31,2426900,47.41
2005-12-09,59.16,59.42,58.91,59.00,2590900,47.16
2005-12-08,59.35,59.52,58.83,59.07,3198600,47.21
2005-12-07,59.15,59.49,59.00,59.22,3047700,47.33
2005-12-06,59.90,60.34,59.71,59.71,3955800,47.52
2005-12-05,59.90,59.97,59.61,59.86,2987300,47.64
2005-12-02,59.64,60.05,59.44,59.90,2443800,47.67
2005-12-01,59.85,59.97,59.44,59.86,4360600,47.64
2005-11-30,59.91,60.09,59.14,59.20,4430800,47.11
2005-11-29,59.72,60.10,59.72,59.77,3907500,47.57
2005-11-28,59.97,60.09,59.59,59.62,3345600,47.45
2005-11-25,59.84,60.00,59.79,59.90,1233200,47.67
2005-11-23,59.22,59.77,59.17,59.60,2664900,47.43
2005-11-22,58.49,59.50,58.49,59.37,4974400,47.25
2005-11-21,58.27,58.62,58.25,58.40,3710400,46.48
2005-11-18,58.67,58.72,58.01,58.52,4379200,46.57
2005-11-17,58.68,58.70,57.94,58.24,4505100,46.35
2005-11-16,58.75,58.84,58.58,58.68,3629900,46.70
2005-11-15,58.50,58.87,58.45,58.70,4379100,46.71
2005-11-14,58.41,58.71,58.36,58.60,2872800,46.63
2005-11-11,59.02,59.02,58.51,58.70,1990800,46.71
2005-11-10,58.48,59.05,58.27,58.89,3640300,46.87
2005-11-09,58.25,58.60,58.08,58.30,3274300,46.40
2005-11-08,58.03,58.42,57.72,58.30,5130900,46.40
2005-11-07,58.48,58.78,58.29,58.56,3353500,46.60
2005-11-04,58.94,59.06,58.02,58.60,4325000,46.63
2005-11-03,58.97,59.20,58.81,59.05,2857600,46.99
2005-11-02,58.76,59.01,58.65,58.97,3915600,46.93
2005-11-01,59.00,59.24,58.51,58.56,4469600,46.60
2005-10-31,58.84,59.39,58.78,59.08,6672300,47.02
2005-10-28,58.30,58.95,58.30,58.83,3953100,46.82
2005-10-27,57.60,58.65,57.52,58.27,5044500,46.37
2005-10-26,57.71,58.14,57.54,57.55,3384200,45.80
2005-10-25,57.96,58.19,57.50,58.00,3517600,46.16
2005-10-24,57.62,57.98,57.44,57.96,3871400,46.12
2005-10-21,57.81,57.81,57.16,57.59,5434900,45.83
2005-10-20,58.14,58.60,57.58,57.67,4857200,45.89
2005-10-19,57.70,58.18,57.48,58.13,4654900,46.26
2005-10-18,57.46,58.66,57.46,58.32,5138800,46.41
2005-10-17,57.37,57.79,57.17,57.76,2972300,45.97
2005-10-14,57.25,57.82,57.18,57.51,3400200,45.77
2005-10-13,57.20,58.00,57.20,57.47,4237900,45.74
2005-10-12,56.93,57.76,56.90,57.71,4988100,45.93
2005-10-11,57.01,57.58,56.86,57.13,3470700,45.46
2005-10-10,57.11,57.72,57.05,57.30,3740200,45.60
2005-10-07,58.10,58.13,57.00,57.47,3711100,45.74
2005-10-06,57.25,58.15,57.23,57.96,6354700,46.12
2005-10-05,56.67,57.62,56.60,57.25,6237800,45.56
2005-10-04,56.76,57.35,56.51,56.53,5313200,44.99
2005-10-03,56.71,56.99,56.36,56.51,3806200,44.97
2005-09-30,56.75,56.94,56.49,56.71,5536000,45.13
2005-09-29,56.40,57.03,55.85,56.50,12705400,44.96
2005-09-28,55.02,55.50,55.02,55.06,3801600,43.82
2005-09-27,54.55,55.39,54.49,55.11,4419800,43.86
2005-09-26,54.72,55.10,54.10,54.35,4301400,43.25
2005-09-23,54.10,54.71,54.01,54.51,3002400,43.38
2005-09-22,53.99,54.21,53.55,54.15,3694100,43.09
2005-09-21,54.30,54.47,54.00,54.02,3564400,42.99
2005-09-20,55.39,55.58,54.79,54.80,3516800,43.61
2005-09-19,55.73,55.80,55.20,55.43,3406000,44.11
2005-09-16,55.90,56.05,55.61,56.00,6248500,44.57
2005-09-15,55.46,55.97,55.35,55.69,3180900,44.32
2005-09-14,55.39,55.80,55.22,55.35,3012800,44.05
2005-09-13,55.38,55.76,54.88,55.46,3756200,44.14
2005-09-12,55.05,55.55,55.05,55.43,2520100,44.11
2005-09-09,55.11,55.47,54.91,55.23,2345900,43.95
2005-09-08,54.90,55.48,54.87,55.11,2822300,43.86
2005-09-07,55.00,55.55,54.93,55.45,3215600,44.13
2005-09-06,54.99,55.39,54.90,55.19,2526300,43.71
2005-09-02,54.95,55.26,54.60,54.65,2638500,43.29
2005-09-01,54.70,55.30,54.55,54.95,3829500,43.52
2005-08-31,54.67,54.95,53.93,54.85,4304400,43.44
2005-08-30,54.67,54.89,54.06,54.80,3863300,43.40
2005-08-29,53.96,55.00,53.96,54.81,2628100,43.41
2005-08-26,54.29,54.42,54.00,54.31,3838000,43.02
2005-08-25,54.75,54.90,54.30,54.51,3294600,43.18
2005-08-24,54.82,55.10,54.25,54.32,3474100,43.02
2005-08-23,55.05,55.30,54.87,54.91,3042000,43.49
2005-08-22,55.07,55.63,54.85,55.05,2773500,43.60
2005-08-19,54.84,55.07,54.62,54.94,2558500,43.52
2005-08-18,54.60,54.89,54.34,54.58,4033200,43.23
2005-08-17,54.57,54.92,54.40,54.73,4415900,43.35
2005-08-16,55.01,55.24,54.67,54.79,3155700,43.40
2005-08-15,54.48,55.09,54.41,54.95,2959200,43.52
2005-08-12,54.51,54.83,54.43,54.61,2727400,43.25
2005-08-11,54.30,54.72,54.20,54.71,2792000,43.33
2005-08-10,54.59,54.95,54.33,54.38,2990200,43.07
2005-08-09,53.89,54.41,53.80,54.25,2600200,42.97
2005-08-08,54.41,54.58,53.75,53.90,2600100,42.69
2005-08-05,54.41,54.63,54.10,54.39,2800900,43.08
2005-08-04,54.45,54.93,54.44,54.70,2770900,43.33
2005-08-03,54.55,54.85,54.44,54.69,2736000,43.32
2005-08-02,54.70,54.95,54.44,54.84,2950700,43.44
2005-08-01,53.95,54.98,53.95,54.61,3003100,43.25
2005-07-29,54.85,55.16,54.52,54.53,2516400,43.19
2005-07-28,54.82,55.17,54.75,54.93,2712100,43.51
2005-07-27,54.37,54.94,54.30,54.75,2830500,43.37
2005-07-26,54.59,54.90,54.41,54.47,3500300,43.14
2005-07-25,54.90,55.07,54.23,54.57,3550000,43.22
2005-07-22,54.30,54.92,54.25,54.83,3219800,43.43
2005-07-21,54.81,55.00,54.37,54.68,3877800,43.31
2005-07-20,55.00,55.09,53.90,54.60,7962100,43.25
2005-07-19,54.75,55.70,54.44,55.54,5380700,43.99
2005-07-18,55.34,55.43,54.63,54.64,3746300,43.28
2005-07-15,55.29,55.79,55.28,55.45,3916700,43.92
2005-07-14,55.28,55.75,55.10,55.44,5710300,43.91
2005-07-13,54.60,55.09,54.60,54.87,3346200,43.46
2005-07-12,54.90,55.18,54.40,54.60,7928600,43.25
2005-07-11,54.15,54.40,53.58,53.85,6911500,42.65
2005-07-08,52.70,53.71,52.65,53.53,3777000,42.40
2005-07-07,52.16,52.95,52.07,52.78,4411500,41.80
2005-07-06,53.35,53.36,52.56,52.58,5448100,41.65
2005-07-05,53.40,53.81,53.39,53.55,3360000,42.41
2005-07-01,53.00,53.64,52.86,53.51,6087500,42.38
2005-06-30,54.12,54.43,53.78,53.93,4037900,42.72
2005-06-29,54.96,55.00,54.36,54.43,3625900,43.11
2005-06-28,54.15,55.17,54.13,54.83,3027400,43.43
2005-06-27,54.11,54.35,53.75,54.28,3738300,42.99
2005-06-24,54.68,55.06,54.26,54.27,4751900,42.99
2005-06-23,55.10,55.25,54.61,54.87,3382000,43.46
2005-06-22,55.99,55.99,55.08,55.22,3868400,43.74
2005-06-21,55.75,56.00,55.60,55.87,2406000,44.25
2005-06-20,55.54,56.07,55.35,56.00,2464100,44.36
2005-06-17,56.69,56.73,55.74,55.76,5452000,44.17
2005-06-16,55.60,56.10,55.51,56.04,3133900,44.39
2005-06-15,55.50,55.82,55.34,55.80,3589300,44.20
2005-06-14,55.34,55.65,55.34,55.55,2941200,44.00
2005-06-13,55.48,55.75,55.20,55.57,3933000,44.01
2005-06-10,55.42,55.55,55.14,55.52,2049500,43.98
2005-06-09,55.33,55.65,55.16,55.50,2763500,43.96
2005-06-08,55.92,55.94,55.24,55.48,3648600,43.94
2005-06-07,56.00,56.21,55.82,55.90,4173500,44.07
2005-06-06,56.01,56.20,55.63,55.77,3097000,43.97
2005-06-03,56.82,56.82,55.83,56.01,4401300,44.16
2005-06-02,56.90,57.04,56.57,56.90,2171400,44.86
2005-06-01,56.15,56.99,56.11,56.82,2930700,44.80
2005-05-31,56.50,56.69,56.26,56.26,5173900,44.35
2005-05-27,56.79,56.84,56.41,56.60,2581500,44.62
2005-05-26,57.01,57.20,56.82,57.01,2364500,44.95
2005-05-25,56.60,57.06,56.52,57.00,2864400,44.94
2005-05-24,56.48,56.94,56.36,56.77,2674200,44.76
2005-05-23,57.03,57.10,56.60,56.74,3196500,44.73
2005-05-20,57.13,57.20,56.77,57.12,2989400,45.03
2005-05-19,56.67,57.11,56.60,57.03,2945800,44.96
2005-05-18,56.50,56.84,56.27,56.69,3078300,44.69
2005-05-17,56.31,56.46,55.98,56.29,3761700,44.38
2005-05-16,56.50,56.77,56.47,56.66,2277900,44.67
2005-05-13,56.48,56.87,56.25,56.43,3615200,44.49
2005-05-12,56.85,57.00,56.61,56.68,3299700,44.69
2005-05-11,56.37,56.94,56.30,56.93,4653500,44.88
2005-05-10,56.10,56.69,56.05,56.37,4325800,44.44
2005-05-09,56.01,56.37,55.88,56.37,3035400,44.44
2005-05-06,56.20,56.80,56.01,56.04,3879000,44.18
2005-05-05,56.45,56.74,56.04,56.44,2844400,44.50
2005-05-04,56.22,56.68,55.84,56.62,5440900,44.64
2005-05-03,55.65,56.19,55.65,55.92,4366400,44.09
2005-05-02,55.35,55.96,55.35,55.91,3254800,44.08
2005-04-29,55.10,55.70,54.87,55.64,5031900,43.87
2005-04-28,54.90,55.25,54.55,55.10,4340200,43.44
2005-04-27,55.00,55.45,55.00,55.24,4624500,43.55
2005-04-26,54.95,55.34,54.89,55.20,4975000,43.52
2005-04-25,54.75,55.21,54.51,55.14,4833300,43.47
2005-04-22,54.70,54.96,54.09,54.47,2951100,42.94
2005-04-21,54.45,54.71,54.15,54.71,3949100,43.13
2005-04-20,54.33,54.53,54.00,54.16,4042300,42.70
2005-04-19,54.52,54.69,54.19,54.50,4962200,42.97
2005-04-18,54.25,54.66,54.22,54.49,4944600,42.96
2005-04-15,55.00,55.42,54.76,54.83,6445500,43.23
2005-04-14,54.22,55.31,53.63,55.14,10346800,43.47
2005-04-13,53.72,54.09,53.58,53.63,3148000,42.28
2005-04-12,53.11,53.92,52.85,53.64,3201100,42.29
2005-04-11,53.13,53.45,53.03,53.10,2466600,41.86
2005-04-08,53.58,53.65,53.07,53.08,2268500,41.85
2005-04-07,52.92,53.51,52.92,53.42,2971400,42.11
2005-04-06,53.10,53.29,52.86,52.90,2619700,41.71
2005-04-05,52.80,53.11,52.70,53.00,2719400,41.78
2005-04-04,52.90,52.95,52.52,52.74,3430300,41.58
2005-04-01,53.30,53.30,52.51,52.76,3469400,41.59
2005-03-31,53.40,53.40,52.92,53.03,3825900,41.81
2005-03-30,52.35,53.45,52.35,53.36,4510700,42.07
2005-03-29,52.37,52.71,52.17,52.29,3802500,41.22
2005-03-28,52.01,52.58,52.01,52.35,3000100,41.27
2005-03-24,51.85,52.38,51.78,51.92,3207700,40.93
2005-03-23,52.00,52.32,51.91,52.01,4373700,41.00
2005-03-22,52.72,52.98,52.08,52.10,4486600,41.07
2005-03-21,52.45,52.90,52.31,52.56,2668500,41.44
2005-03-18,52.39,52.72,52.20,52.62,6513400,41.48
2005-03-17,53.15,53.15,51.85,52.30,3826800,41.23
2005-03-16,52.30,52.46,51.75,52.15,3779800,41.11
2005-03-15,52.80,52.99,52.46,52.51,2725500,41.40
2005-03-14,52.60,53.03,52.57,52.73,3076500,41.57
2005-03-11,53.20,53.25,52.50,52.70,2863400,41.55
2005-03-10,52.97,53.42,52.96,53.15,2839200,41.90
2005-03-09,53.61,53.69,52.62,52.97,4775400,41.76
2005-03-08,54.22,54.30,53.69,53.84,2216400,42.26
2005-03-07,54.22,54.35,53.88,54.21,2462600,42.56
2005-03-04,54.10,54.20,53.76,53.96,3595300,42.36
2005-03-03,54.20,54.24,53.65,54.03,2151400,42.41
2005-03-02,53.82,54.18,53.60,54.01,2602900,42.40
2005-03-01,53.80,54.24,53.76,54.06,2856500,42.44
2005-02-28,53.98,54.20,53.53,53.86,3494800,42.28
2005-02-25,53.40,54.14,53.18,53.97,3210400,42.37
2005-02-24,53.10,53.66,53.00,53.65,3889500,42.12
2005-02-23,53.22,53.63,52.85,53.43,2913400,41.94
2005-02-22,54.24,54.24,53.12,53.18,4640200,41.75
2005-02-18,53.75,54.41,53.59,54.20,3599800,42.55
2005-02-17,54.64,54.64,53.50,53.73,4187500,42.18
2005-02-16,54.50,55.00,54.31,54.54,3189500,42.81
2005-02-15,54.62,54.86,54.30,54.64,3037800,42.89
2005-02-14,55.00,55.24,54.66,54.80,2411400,43.02
2005-02-11,55.00,55.55,54.77,55.10,2293100,43.25
2005-02-10,55.00,55.36,54.79,55.16,2225400,43.30
2005-02-09,55.50,55.50,54.75,54.99,2638400,43.17
2005-02-08,54.70,55.71,54.46,55.50,4746900,43.57
2005-02-07,55.00,55.00,54.31,54.70,3093400,42.94
2005-02-04,54.00,55.40,54.00,55.31,4580300,43.42
2005-02-03,54.25,54.73,54.17,54.33,4352300,42.65
2005-02-02,53.87,54.24,53.65,54.14,3843400,42.50
2005-02-01,53.45,54.03,53.12,53.88,3250400,42.30
2005-01-31,53.85,53.97,53.46,53.70,3877900,42.15
2005-01-28,53.26,53.41,52.59,53.22,3321500,41.78
2005-01-27,53.30,53.57,53.20,53.46,2624500,41.97
2005-01-26,53.49,53.93,53.30,53.41,3574600,41.93
2005-01-25,53.55,53.76,53.28,53.39,2933800,41.91
2005-01-24,53.60,53.71,53.03,53.31,3594600,41.85
2005-01-21,53.56,53.96,53.40,53.57,3987600,42.05
2005-01-20,54.00,54.22,53.27,53.55,4214900,42.04
2005-01-19,53.55,54.42,53.50,54.03,4078600,42.41
2005-01-18,52.47,53.62,52.42,53.49,4336700,41.99
2005-01-14,52.92,53.02,52.62,52.83,2718000,41.47
2005-01-13,53.45,53.57,52.53,52.92,3662600,41.54
2005-01-12,53.25,53.65,53.00,53.61,3587400,42.08
2005-01-11,53.50,53.80,53.18,53.47,4540400,41.97
2005-01-10,52.43,53.99,52.35,53.76,6645100,42.20
2005-01-07,52.10,52.73,52.00,52.45,3734800,41.17
2005-01-06,51.63,52.19,51.39,52.00,2961200,40.82
2005-01-05,51.70,52.15,51.59,51.63,3450900,40.53
2005-01-04,52.32,52.46,51.34,51.57,3295400,40.48
2005-01-03,52.23,52.50,51.90,51.94,3513100,40.77
